,aardvark,alpaca,anteater,badger,bat1,beaver,bee,beetle,bison,boar,bug,butterfly,calf1,cardinal,caterpillar,catfish,chick,chihuahua,chipmunk,cobra,cockroach,coral,cow,crab,crow,deer,dolphin,dragonfly,duck,eagle,earwig,elephant,fish,fly,fox,gazelle,goat,goose,gorilla,grasshopper,guinea_pig,hawk,hippopotamus,hummingbird,iguana,kangaroo,koala,ladybug,leech,lightning_bug,lion,llama,maggot,meerkat,mongoose,moose,mosquito,moth,mussel,orangutan,otter,oyster,panther,peacock,penguin,pig,piglet,polar_bear,poodle,possum,praying_mantis,pug,rabbit,racehorse,rat,reindeer,rooster,scallop,sea_urchin,seahorse,shark,shrimp,sloth,snail,spider,squirrel,stingray,swordfish,tarantula,tiger,toucan,turtle,walrus,wasp,whale,worm,zebra
aardvark,0.0,2.448277366723288,2.8169826116586894,3.4981042180170476,2.9319994696181304,3.507940281413161,4.020985985377312,3.482491527265901,2.4242259504461785,3.2282332032384895,5.10715012680549,4.761874851565247,2.989066741933855,4.233032205397438,4.563869798771212,3.791065182470204,3.150696287185249,2.577039773332774,2.5192902522629095,5.39527698047723,4.253479510230227,7.372976148551399,3.062389756984062,4.326403051423417,3.0128436078008605,2.8920347648247113,4.049238355739488,4.711101087894019,3.130479334102114,3.8343548309504154,3.5760894901248315,2.8822637700787244,5.49743515270473,3.966002711134895,2.955273894956447,3.3957554202645794,2.9079933641371554,2.9752858354391325,2.7570851247631256,4.090176953782273,3.1465512198399557,2.9365895164157934,2.4779078121871287,2.899960059255946,4.240875756561557,2.7409988311152254,3.5279497800141675,3.750723606649495,3.8379671048926096,4.3336736361271875,3.0734172262032198,3.05736582640697,5.059449838995622,3.442414485425251,2.722673994868084,3.06772240133345,4.313022801069182,4.038981223968608,5.807286822627042,3.3791759685693616,3.8093483257464187,4.719445723765269,3.0378277387631076,5.768235199769106,4.040575465980238,2.4436476736718986,2.497857411739584,2.8302555187658496,2.749133484511356,2.843109196321398,4.3481569193133,2.8158597153826284,3.8878041664578387,3.9922415110607923,3.610909883557503,4.02384792719035,2.8571747534673304,3.875753859840039,6.378737726075038,4.1253881701371675,3.845179782065878,5.593364376742177,4.198580545817258,3.7379674656393305,5.324409860712099,3.2209277934536855,5.1622256119100856,4.174523669936139,3.9680217037651526,4.703154578780765,3.2811432798896614,3.5957460665480228,3.0347992404093787,4.3304903509270165,4.568149361198169,5.494622106432947,4.541462900420146
alpaca,2.448277366723288,0.0,3.3362215699902387,3.6897845880152844,3.0658590928225804,3.288060305874971,4.171881001889477,3.519380715804762,2.494939925209026,2.990300306873466,5.509589008934831,4.508268562821049,3.22155548936722,4.627638008183541,4.536807668070562,4.023798369054108,3.3412439026427667,2.831934105736539,2.709532541074465,5.350588718256182,4.380117208787829,7.238233393575884,3.2132145625645996,4.580166133915709,3.2976337367720197,2.990617493942319,4.315786344061575,4.894501309518894,3.186580302120835,3.994471705424404,3.8830066731402857,3.2190323660815165,5.312483123528633,4.498767444901959,3.074209089628077,3.9512804840896725,2.831627565125189,2.9434820073490138,2.986730815654554,4.186048829974394,3.2356346506459017,3.1252104984550764,2.5451888537774385,3.4092286956501483,4.009355986334509,3.045090615803249,3.504205086409954,4.0373747790949475,4.056452461984858,4.926797249549631,2.9627325105391855,2.7107554113218764,5.224904006786341,3.779832416291457,2.8225041849136074,2.779742248844062,4.339642534027762,3.87976050580204,5.7411885801738975,3.4176700528227477,3.6313020599470107,4.838353504411588,2.9925402813676114,5.7582374775689305,4.080849887313962,2.2140728718466116,2.7929896864325463,3.0789420956465348,2.893806409097481,2.8289705080018166,4.7127320459730395,2.918184438551796,3.4488489519257377,3.751990383416653,3.296501988327692,3.6653195359446036,2.518242801117241,4.228972181432035,6.048878735278221,4.236948019280157,4.064199963677093,5.435199826878745,3.971880896093242,4.341531984487581,5.507369633718466,3.0666673599140863,5.184745873557588,4.650468015033763,3.9762307993256782,4.3560591113543286,3.5521660176634198,3.652464162932442,3.0646224314121446,4.322852005511122,4.72662337189424,5.445473883820291,4.32757776357387
anteater,2.8169826116586894,3.3362215699902387,0.0,3.7849100002119886,3.163030786118993,3.2078631887001565,4.111544147728485,3.102432868718737,3.219235176913135,3.3345093899047686,5.865075227594365,4.178469892886614,3.1740722442395937,5.249950685162285,4.136084876450008,4.391460670158862,4.305072152162358,3.188572403076787,2.9279641463145683,4.803633780829224,3.7821541488342265,6.587089024447614,2.705977773882863,4.231489632493382,3.1446541242600023,3.4138644727319054,4.278556030413195,4.449359811477668,3.268619934344421,4.149630110130422,3.597696723922245,2.9851295958048953,5.228803529756456,4.5568303188784345,3.108711406061389,4.367891661217077,3.609671926961884,2.902011538716981,2.521186115740862,4.291583396058164,2.934130437015004,2.982052816017095,2.963368370964958,3.501324114202488,3.5780092802455474,3.4186283953606496,3.306866750074372,4.0018618620381305,3.5136944833227783,4.967843816625088,2.77016858604942,3.7336351506196133,4.2008975699177515,4.1773693808105765,2.667066481727459,2.9997519756342856,3.9247843167974046,3.897678739095752,4.994451711211274,3.167409002323146,3.7661069845688107,4.33211889001905,2.9207992107063045,5.13135050914472,4.156043929059958,3.3251775023805803,3.4375001614608007,3.931789256297149,2.447251646500919,3.058642979679299,4.614151657099909,2.815964247241911,3.723304114192811,3.95908461335053,3.88304918357837,4.087068712182883,3.3202928078478773,3.7703765774624847,5.378784608800625,4.337424917347593,4.1139857497219126,5.097475796699906,3.654179494844607,4.510944844853503,4.292610054421346,2.982264404945705,5.6428190355471655,4.1907793285599535,3.323164576507,4.163801018910636,3.232224280164149,4.1907211121352805,3.1901126267983972,4.283453173279304,4.376715839894591,4.783731057580508,3.842462069637717
badger,3.4981042180170476,3.6897845880152844,3.7849100002119886,0.0,2.7393476899360185,3.1131745177345276,3.1667646008430546,4.5799104369035035,4.275924661609935,3.495623703859705,4.366874471840703,3.7478269768275476,4.781256664304769,4.148226306547003,3.2371902103813968,2.8519380250839617,3.364621080514267,3.9787659074779405,3.4999642902006665,4.081871122130429,5.5734387278414,5.695342571152568,4.258675917624418,3.1738659557860656,3.3318119203520045,4.739005841671983,3.512750102530953,3.762083367566287,2.9615460059738203,2.520151798367441,3.53733102772413,4.74202437730632,3.6674809646637563,4.980163630340425,4.683914957901449,5.618471998484981,4.313260729705542,3.97345288856524,3.8321338405155596,3.8124953623732587,4.042027451654353,4.143304305289878,4.1820895724291685,4.451210551940163,3.6844963646350117,4.093829051563529,3.0185699024147317,4.192970234238323,2.7710362201936896,4.1587167704058245,3.9021688841170468,4.867298369977491,4.581358269989168,2.83210378652922,4.176475435587131,4.176398042398717,4.481771188650121,3.054932671228571,4.639222879231902,4.103118020553429,2.7885967488611842,3.5763299547363276,2.8072184443686563,4.039617690971722,2.810662810675198,3.920315009961352,3.342132770737746,3.0934478223662873,3.404125122343081,3.0071736710944945,3.9520495770511923,3.5359500788866094,3.132628928200271,5.764345619540647,2.640590224466948,5.516025894928897,3.3559033126960105,3.5499096349160957,4.89957625616067,3.2220409880438794,3.2784614132061822,4.2886388442326435,3.44822039423482,3.463168695532098,5.208034825671298,3.835638092456341,3.563120292281361,4.336256866185543,4.161890203312472,3.960815988225923,3.817960791230316,3.0416762939378,2.764841504249457,3.3896876959607276,2.998062526907497,4.271767084243167,4.486526341716071
bat1,2.9319994696181304,3.0658590928225804,3.163030786118993,2.7393476899360185,0.0,3.0732953499255076,2.9871774322333335,3.3686280693459207,3.552301162584478,3.4533311716712456,4.544944272169748,3.2201544624398095,3.817289129815126,4.321381451875455,3.301425044466665,3.1284990933120542,3.661535624657633,3.3509352287700502,3.0915425017244687,4.099426122410566,4.5910771341374295,5.948383637509777,3.2997466730947576,3.5193470525126753,2.972120001168553,3.7953361647344828,3.71203796530213,3.481935343840524,2.6797818121688888,3.1883316585915495,3.33432293973447,3.726598356237974,3.966354496870397,4.4299334020887144,3.6761857699004494,4.998556897128883,3.6475746557056055,3.290099535099488,3.154528559516794,3.489339642591221,3.223895424666897,2.9946040637026847,3.22613025257425,3.5902370821285947,3.2624460514664677,3.3958371765766158,2.887054632402023,3.2845637115948434,3.0119654086147243,4.110521568901173,3.234938215443888,4.210685540059573,4.18866710611388,2.9222472869093843,3.374465682218823,3.3743489455551803,3.5167464068040455,2.835247796140111,4.445341292226588,3.4289857709961473,2.8908872710375317,3.484586503211049,2.6234172990056743,4.324501442235877,2.967933406492657,3.2411388967192925,2.9283950654473965,3.236322275355765,2.951673482023415,2.7827394618956838,3.564543898355478,2.862790859448131,3.123387001582825,4.678177400248473,2.7372024952460166,4.627522640310214,3.060644335283037,3.3733759152730483,4.8815546080682255,3.2466986920124956,3.5134172123989846,4.267174172299636,3.2045976241434886,3.6084159371337647,4.275914463764936,3.2837089120868392,4.376901170298715,3.8429401020633165,3.3546318824904464,3.3830944962158234,3.1743557439614096,2.852004547505365,2.6719532896161944,3.125412532030604,3.4598229971942693,4.144379255834719,3.8320907473473347
beaver,3.507940281413161,3.288060305874971,3.2078631887001565,3.1131745177345276,3.0732953499255076,0.0,3.8832223562467525,3.9347454509496713,3.7984291143237043,3.0298697824067173,5.504696339287554,3.4507786420569615,4.137014244622676,5.240643358768878,3.077990059521984,3.72838541905208,4.166259748567184,3.931675828707249,3.1719807991154227,3.886231569054435,4.8774981213334385,5.318693901635287,3.7986018851483827,3.5823949915149007,3.443104599640268,4.336184609785067,4.0278699855751485,3.76472999374515,3.4006740535027578,3.6334432159853653,3.9047315289605047,4.173950302670356,4.0351909439547855,5.41170050139524,4.137019326558348,5.6643047567457145,4.204426680712768,3.403134415803615,3.185484332204101,4.0492424694217695,3.271750400845942,3.65081154909599,3.764032927886412,4.463557689200819,2.960918692261339,4.124783661489173,2.8734583626434334,4.405773922521162,3.0474851513613177,5.217368142990049,3.190850763751838,4.4231859706058945,4.188602641871629,3.983605363858645,3.4528323789743123,3.485862894391031,4.225538242949512,2.8417157248870364,4.122892765524897,3.4021766251181176,2.7265702249526202,3.7184278069656282,2.65227379220473,4.227250031946212,3.850026292545191,3.8552953168169832,3.7909267478299045,3.9888689362082554,3.0494776158607624,2.7671405422877666,4.6650513495986745,3.2806613332923105,2.8245460758382954,4.902105094807128,3.1693653054755107,5.030121948264894,3.1698057252513965,3.6485262674351855,4.161658672005341,3.93504627294809,3.5712948617101192,4.386308759602728,2.806722654082467,4.326984796587185,4.488912781554878,3.1142924127422225,4.69118351095815,4.734768781170022,3.3890432412871916,3.1417618597747006,3.9750448808799637,3.755944634065877,2.422736492090891,3.845032448945891,3.7097862244291924,3.9254028957990585,3.4049259465404984
bee,4.020985985377312,4.171881001889477,4.111544147728485,3.1667646008430546,2.9871774322333335,3.8832223562467525,0.0,4.141890648221892,4.817460585118183,4.551456155572586,3.6797860309214396,3.2831288798458877,4.916670619534919,3.637954144379287,3.155920033262352,2.777244099654636,3.486149189207738,4.120602092740788,4.13655461769007,4.414852721358674,5.371963619210199,5.850101776167483,3.8112628226287333,2.7808408345627247,3.61755677707883,4.603623168747264,3.1128459899228766,3.241894732504276,3.160151849980108,2.8870508438800555,2.7580770483307466,4.966833581278713,3.7571350903238905,4.310530760496415,4.702569155314122,5.601205229578107,4.588916988539458,4.143247988922537,4.487316048737875,2.876088309582274,4.564060050652298,4.299337564200972,4.440689790213267,4.461281889706874,4.127470462252458,3.918037267330663,3.7661452240815168,3.0423434030823415,3.040603526073905,3.386615557158951,4.1600774214374345,5.2273851347782605,4.085871778789922,3.1103752897573815,4.494468274755234,4.41779262496574,3.623766846353291,3.350442415272623,4.452937376928707,4.630952363486086,3.3408336556931477,3.123517077429303,3.5394216225504502,4.140407808156727,2.762243872475337,4.251212134041544,3.891951645931349,3.72463486317575,3.9242148902103007,4.077432222685413,3.0131867832826176,3.8179027385122573,3.9830543919504606,5.513655789055666,3.31528285349843,5.400483377197276,3.920971010239235,2.822358704735911,5.4037836268116015,3.0664494309794286,2.9544582684533283,3.8186905837477747,4.007420607261969,3.185723108615991,4.881039099617002,4.518613718025099,3.5579412765159897,3.912972212907248,3.9434245052005665,4.2798265735766625,3.547946483854487,3.0426845826813285,3.4409626745088704,2.2864007321379503,3.150749467094589,4.289552111418922,4.724359768950192
beetle,3.482491527265901,3.519380715804762,3.102432868718737,4.5799104369035035,3.3686280693459207,3.9347454509496713,4.141890648221892,0.0,3.572976796521659,4.118150554779887,5.432149943729837,4.174994264253077,3.366497364597874,4.892619333912981,4.478249877111684,4.44814514204026,4.518164071047877,3.726774828151644,3.4833272168119764,5.604548608479725,2.7718055339768846,7.340942540149738,2.5453468288972876,4.566681858248135,3.3692897262827364,3.3363441584811677,4.550586017640452,4.538679351269299,3.4077014054767054,4.529951928457978,3.3324137406779086,3.324623790111928,5.706864813593221,3.7298903457356705,3.4703596830673327,4.09621244007092,3.8040813454972224,2.96325272970642,3.3445740805136395,3.9868366935086246,3.483189564380807,2.7582704369546636,2.921108996633458,3.0328077176419,4.007031557355092,3.390007050254257,4.234775073417558,3.1949603865186775,4.290525940908803,4.6983821377319535,3.3056985593719284,3.781817671701622,4.780741910318547,4.472786570304025,3.1062370671881103,3.104038772459725,3.0181503038562925,4.180908981072774,5.464436367384206,3.5972688229873238,4.340896073526447,4.734912636749438,3.534412123121186,5.850210246029554,4.4805537132171205,3.5589666854146804,3.8024739234775713,4.522532529997051,3.179681240599363,3.84015784798819,4.176627788403604,3.131603441771386,4.721325742645351,3.2943207682111257,4.548373124186228,3.7188715557709484,3.7197231017808896,4.164633480207283,6.024324969635789,4.470779373695706,4.193518791988482,5.669927247825922,4.559409440973913,4.59986252379612,4.2661793244485455,3.6687544915125225,5.8337524297589916,3.800294902034742,3.4940129945403813,4.642156635239014,3.094106785301949,4.074783990838592,3.697931829841572,4.112883387080617,4.9416026815106155,5.349073381525279,4.182723053129771
bison,2.4242259504461785,2.494939925209026,3.219235176913135,4.275924661609935,3.552301162584478,3.7984291143237043,4.817460585118183,3.572976796521659,0.0,3.042330548604646,6.066293427768768,5.181032809369774,2.8275464720233967,5.176872699172329,5.233129913791653,4.871346138855373,3.9420894391129147,2.7478664036630924,2.6396054473301547,6.04334625918728,4.125460079239586,7.852543123487736,3.2133708107897134,5.275269393550355,3.5428378729116465,3.0790404512929457,5.112241878923654,5.5814839683331225,3.8577266860188524,4.697960171703918,4.396353330181661,2.84114604855271,6.284301149743885,4.46974056459987,2.6548582336612903,3.6139699629559265,3.0932658497357917,3.1774366321854255,3.0095892928378443,4.964893762171265,3.0293073547071967,2.8875173165608725,2.4743562174558407,3.052540609996199,4.451205447548938,2.8813163857958326,4.018231244932669,4.263990677474329,4.741778242639049,5.449295827823812,3.0228115143835215,2.9825305944794196,5.744851846792229,4.354862085207476,2.9170912991126894,2.7964904442398493,4.773943172197808,4.428145005762223,6.364978073745098,3.394163716644052,4.305638419352354,5.565261931947668,3.490181388921683,6.528227819923636,4.800211205202812,2.3605914894441815,3.0289374743846302,3.7726629234753584,2.7610466232957767,2.9180409246229684,5.296193673000421,3.0473527966115475,4.238669851949227,3.57772312951012,4.033822636438087,3.886353187439783,3.067883229991605,4.780851066018467,6.718877147335259,5.086450980148949,4.857048165104308,6.269158838140867,4.5551674630358905,4.966666106200513,5.863259767011799,2.9274363071552134,6.206382267934527,5.0745118838987935,4.141940416692811,4.910508067064127,4.032749517567544,4.418742111831235,3.346785338698667,4.98866395502811,5.435054682727613,6.037491596608874,4.890380011936092
boar,3.2282332032384895,2.990300306873466,3.3345093899047686,3.495623703859705,3.4533311716712456,3.0298697824067173,4.551456155572586,4.118150554779887,3.042330548604646,0.0,5.925404558214815,4.583408564655295,3.649574113145706,5.369999811853819,4.392183748171812,4.519748971569787,4.279475972643485,3.771884494687825,2.9828974686014376,5.055006413194928,5.0176414728281715,6.477819495037427,3.7267940819784258,4.556257225241464,3.5587924175485637,3.9249123256715843,4.783355538169088,5.033384145607176,3.7464115565567258,4.065959579981699,4.474406188579381,3.8345561426395225,5.2613137041369775,5.379169925804415,3.738365163850232,5.077417954536206,3.783418925931783,3.5436365163437333,3.264194914306708,4.928448179998231,3.4746740085307506,3.5551317103587965,3.429006111435688,4.317304510868642,3.6234141180229122,3.8545235683964747,3.3940611066667974,4.871022983552574,4.107644147463558,5.742885435028755,3.4454418368018103,3.8179094996698786,5.266648827133372,4.103687231076546,3.2269707143443385,3.111249508039097,4.751642249636058,3.605705843549528,5.465071095075401,3.5595897227572206,3.5165284819699436,4.868034733455753,3.119625286174737,5.3048608172094,4.138549825033352,3.301951367812579,3.493755111873422,3.7398925735098354,2.8769832577636065,2.9761905558132846,5.3299697026661015,3.209235182149922,3.2626553970290737,4.706463925858072,3.542818583541205,4.558731731084965,3.2714858947628005,4.679558111691051,5.607417115552725,4.6411344206903005,4.546996675841147,5.315690536457259,3.686700604314784,4.990925063411321,5.425493057042993,2.7541179496110617,5.569386659613624,5.2768277576027485,3.939520118935286,3.9176033040147398,4.337754169037696,4.351308819505532,3.0164954951061063,4.618678662042616,4.547442479069119,4.933268801075399,4.011718528372302
bug,5.10715012680549,5.509589008934831,5.865075227594365,4.366874471840703,4.544944272169748,5.504696339287554,3.6797860309214396,5.432149943729837,6.066293427768768,5.925404558214815,0.0,5.255618722475903,6.667591002126014,2.985612107493151,4.824661372885648,3.1010363313436207,4.489094985550261,5.657171457651596,5.63900528925892,6.267041916899574,6.347423184287417,7.44001608444555,5.578633401497604,3.822253467807829,4.459218219577093,6.113622892342496,3.7612968332676804,4.366737449268385,4.11685250494892,3.592999734064929,3.9126073452059695,6.49460778329689,4.9898227976796745,4.433193905178159,6.526301436112163,6.111648472541553,5.692669267237703,5.388938032918888,6.1730232838886545,3.658515346424901,6.317815267071243,5.703414596677879,5.583917329821763,5.225406785375676,6.107476016790837,5.186361533448026,5.837584751563549,4.283933560074057,4.62250784435811,2.9057863963265653,6.120401966086471,6.2225936242307585,6.2018993603484525,3.7710884771892137,6.251348982172974,6.32619123470304,5.083069644556695,4.969256137247491,6.525441765495024,6.641328808041546,5.069555671504802,5.136855909188091,5.276599949702512,5.7073325111935045,4.176988556244116,5.569315342793969,4.96021732349777,4.39246345657588,5.624122495227236,5.644504222420801,3.431036756606926,5.710331595902476,6.067278934793275,6.969099769595463,5.173663805568402,6.77008053475114,5.270642922815989,4.63497670342754,6.946990504898015,3.71983833727519,4.005170154526157,5.913692973074999,6.099866675405809,2.968122730108634,6.438367847670896,6.397188149209122,3.3877652187722243,4.072988338431628,6.2254542104088415,6.378678496828723,4.883184025259972,3.7457619501561763,4.986341553969771,4.0576597522931355,3.9343901753477075,6.03378085920267,6.33408383837752
butterfly,4.761874851565247,4.508268562821049,4.178469892886614,3.7478269768275476,3.2201544624398095,3.4507786420569615,3.2831288798458877,4.174994264253077,5.181032809369774,4.583408564655295,5.255618722475903,0.0,4.996846663654727,5.343979098095363,2.5273844676821526,3.764014808632324,4.811097396508868,4.786378895646101,4.338981291276539,3.271686371260509,5.246538357522593,4.6427041251295735,4.045326269356806,3.472726351393097,4.093428927923012,4.976504915220328,4.080418112221179,2.8633821204378362,3.5713148091047975,3.7367596535701297,3.710158919934458,5.162564938345244,3.111802612769998,5.656131734362759,4.983309127959921,6.4917412894067485,4.997689688361352,4.27419619673577,4.45691528008472,3.774619381132439,4.316684374658128,4.143577410966122,4.841537114464221,5.053774762740751,2.860388015480711,4.735842273565564,3.55283867025688,3.976754615578822,3.1408500142880613,4.967856747086121,3.8877628636379535,5.551736998763459,3.447662200027981,4.1625955196487,4.550278061745701,4.35341127917161,3.5618110676698094,2.538207388640833,3.2892017801709525,4.209695152412308,3.2342415209047215,2.8742871162739627,3.6785184697933935,3.2890859946239677,3.224897680084361,4.881644337130554,4.49301597203764,4.76945051456542,3.8674366803779576,3.9669500174654138,3.7977758372938535,3.8807610730897704,3.4958635184116553,5.47988540247617,3.6393290571939674,5.674434847569632,4.0282005575240305,3.359959526991108,3.7963071795979,3.8180573494531527,3.6176912063348503,3.1957594416087463,3.209043605787405,4.657636937726575,3.8395965721364824,4.130009954453264,4.57017616225936,4.373821725031915,3.178799959171048,3.116584149227333,4.113740732226491,3.7195762056522557,3.468856801128435,2.799995190817803,3.3801825097349223,3.1256057818384946,3.824698419522092
calf1,2.989066741933855,3.22155548936722,3.1740722442395937,4.781256664304769,3.817289129815126,4.137014244622676,4.916670619534919,3.366497364597874,2.8275464720233967,3.649574113145706,6.667591002126014,4.996846663654727,0.0,5.829747240152875,5.095896366890617,5.233224584198927,4.49310176114434,2.924486002186738,3.0594454961096145,5.830701282321029,3.832279898195483,7.762569692605762,2.705773193066979,5.395190413891081,4.091577399589802,2.8177252330657443,5.363371882056376,5.560674125402985,4.210745090829069,5.140307117867541,4.467347927004487,2.645012417486946,6.4414951566808325,4.717593852295998,2.5817411612713035,3.6781360396272382,3.4748586878523122,3.500320700141937,2.95936887450117,5.11631716312804,2.8714701721546287,2.789837284352796,2.979335409191483,3.496207180972273,4.087914473914798,3.138532871295191,3.9093821970714684,4.209435996941331,4.828038350459944,5.713750536494687,2.6734466099469043,3.4037650992955415,5.139200460107843,4.927161196793911,2.6484462412384007,2.7069718672248393,4.40472712222643,4.580985376642325,6.0570082116636765,2.9565304464878635,4.548662144531792,5.44446148953245,3.752536570273298,6.546790663316671,5.090853905758067,3.1363089504889667,3.464119130834159,4.446985667816713,2.9470955749017467,3.628473697735269,5.346047935230585,2.930449198626954,4.227307721384266,3.345978203484406,4.398543572940564,3.5891578376146365,3.744945783391051,4.753557499112276,6.795416032283883,5.387236729585604,4.971828064377785,6.040196805274396,4.551593210549363,5.452338263259255,5.437593988727784,3.142229503060338,6.773306832611481,5.2630706866023935,3.6267282504091876,4.614864954823818,3.95229065655108,4.863930395840201,3.8186526059858497,5.127742079192552,5.88309051225096,5.831128618374045,4.536353779588293
cardinal,4.233032205397438,4.627638008183541,5.249950685162285,4.148226306547003,4.321381451875455,5.240643358768878,3.637954144379287,4.892619333912981,5.176872699172329,5.369999811853819,2.985612107493151,5.343979098095363,5.829747240152875,0.0,5.068667237302249,3.4126726841119224,3.7999611180123365,4.785089006132706,4.839972330546018,6.571778111367559,5.66393267670188,8.086474452285453,4.845633434105704,4.45355626754884,4.029892994247224,4.987628101024852,3.7870346418943766,4.8759672925354245,3.821708409103239,3.578309230556291,3.550558416086053,5.639647739365474,5.490736573847944,3.660366610420044,5.647338474572046,4.970252115611515,4.659664087180639,4.438436529165632,5.494016554032669,3.4781397105036103,5.585194218569974,4.820783301907232,4.750683859291889,4.1101450275194304,5.9305568794805295,4.249353213308949,5.491183821236042,4.146695523566155,4.582737276971389,2.8964703068229816,5.521558698381669,5.119130981994179,6.413973568565958,3.511213271150802,5.573213228574829,5.4746686060547285,4.776386584459304,5.084977948341382,6.768865358755577,5.854451707281138,4.840142518227565,5.349740319273311,4.621267315406852,6.142096043002352,3.906839050792003,4.537893750635135,4.224633562078324,3.552709391889885,5.042652480127931,5.005215985970263,3.6592419748199805,4.860501839159549,5.703849382412758,5.853954440507261,4.796493295538011,5.626162002600014,4.337080449585699,4.580059310552976,7.164711488213523,3.7534650321374023,3.988948989417133,6.294870638278189,5.90148560059057,3.0283872863666783,6.521737101918627,5.814838393924133,3.7996410336003548,3.858916110727743,5.911954401061127,6.241909602263233,4.269569668462422,3.604259523454923,4.698324655559141,4.253003158951292,4.491429665446402,6.419618547573309,6.126114179173319
caterpillar,4.563869798771212,4.536807668070562,4.136084876450008,3.2371902103813968,3.301425044466665,3.077990059521984,3.155920033262352,4.478249877111684,5.233129913791653,4.392183748171812,4.824661372885648,2.5273844676821526,5.095896366890617,5.068667237302249,0.0,3.1633328377140453,4.641792203630393,4.793211507827903,4.521793152064332,3.282404830860767,5.704960670390228,4.31507128299757,4.226638934499974,2.8479644974678013,4.089328367950517,5.141792709463356,3.771941382981359,2.667818631241539,3.4990754716231915,3.241534025705574,3.471833110346127,5.343652234080921,2.8085800300369237,5.6503907633852135,5.156738311305907,6.502970720903251,5.305930560712176,4.459471856957604,4.458632961439665,3.473843306014089,4.422360057810635,4.413894012408732,4.982073776117196,5.204611192475641,2.9833112723525974,4.8699835356973775,3.3315315819012996,4.146247225379778,2.4105742096858287,4.6633797558995225,4.156011731587833,5.653003636785075,3.334327006274714,4.094235626358513,4.58428868029041,4.5613798621536965,3.958024475347694,2.552919107332138,3.2766118338372276,4.264352595540643,3.2645780038196257,2.8623409723058706,3.5370165433879928,3.066895294949421,3.282235948204784,4.933275701278382,4.476505281136286,4.64978914403006,3.882936535770712,4.015425305864293,3.618542830528428,4.1263764125365965,3.435059719115623,5.867078347607781,3.6450498646025897,5.929817093776841,3.9108046637110916,2.96497085531186,3.975368232935865,3.602534673649063,3.0143380692241597,3.317929353424083,3.242383481807034,4.068914975708066,4.153122745572529,4.265880055620713,4.029622021274567,4.455810641648996,3.6379361069598586,3.1722166657778432,4.115932738391789,3.466232657219802,3.2498600943964924,2.896906215744669,3.007861736870557,2.929676774597278,3.856903916928843
catfish,3.791065182470204,4.023798369054108,4.391460670158862,2.8519380250839617,3.1284990933120542,3.72838541905208,2.777244099654636,4.44814514204026,4.871346138855373,4.519748971569787,3.1010363313436207,3.764014808632324,5.233224584198927,3.4126726841119224,3.1633328377140453,0.0,3.4417739618918377,4.332615011495365,4.1878026014006915,4.576255169902851,5.531666480673007,6.100611435602105,4.493913544131465,2.7756065454728907,3.574057424478856,4.722864236499983,2.9099115955072565,3.240598108488387,2.932609450098571,2.7106923766784146,3.0683625728008437,5.2759200754361215,3.569768102301314,4.538647336728539,5.127712839654079,5.472620601720385,4.472737602212885,4.141958586769176,4.587181045900749,2.8179928634566322,4.73065710995666,4.488546945529515,4.388783538869412,4.570851638585926,4.3060778203211845,4.249998403824881,3.94217803864949,3.6050015220046827,2.9829290494583582,3.2849085223262535,4.426496594646536,4.967452477227818,4.640222570827476,3.1123463378876317,4.787409980310788,4.747712548007952,4.213948948536375,3.3275015055844044,4.9399956477343645,4.831858565520457,3.5205062306367743,3.6219085784562433,3.566877185871235,4.3038871673612205,3.1410418002561378,4.258523681881726,3.69734061986299,3.465839123647141,4.216981160477725,3.9531111917034734,3.1088408938711263,4.199019129020361,4.065542300873198,5.73591100638269,3.5597586458557324,5.50701220183937,3.6921958742545904,3.230299604091946,5.407045006114567,2.9323547051789647,2.5930765582031214,4.456091116951358,4.236470242502412,2.4988496953516366,5.309734137751334,4.6986737166086066,2.772267683081561,3.75972799412299,4.624618759699236,4.596633237651647,3.705318505579886,2.4327158621806095,3.3975369928472534,3.092436844339432,2.9416920505495527,4.464545001398394,4.708805251672002
chick,3.150696287185249,3.3412439026427667,4.305072152162358,3.364621080514267,3.661535624657633,4.166259748567184,3.486149189207738,4.518164071047877,3.9420894391129147,4.279475972643485,4.489094985550261,4.811097396508868,4.49310176114434,3.7999611180123365,4.641792203630393,3.4417739618918377,0.0,3.144992951672349,3.2726681614373834,5.598195547500649,5.455511486567905,7.523272126861966,4.205516467167446,4.096585675811921,3.7423266135363535,4.1783276772314615,3.877132956338485,4.982099272017293,3.546046209990589,3.701087454580781,3.595899160816897,4.50205382668622,5.325033393926117,4.060128275886433,4.127507861065414,4.370302978299739,3.807484168471785,4.047483034629016,4.150801814005939,4.188038358938629,4.326307297290013,4.3208375128667385,3.777474335017267,3.9666769973084195,4.9587814008459885,3.4461698575553963,4.01428061781582,3.885005309950677,4.052820385197179,4.01960497545383,4.001921011752102,4.102243183084081,5.391769326665604,3.278903742269742,4.11208072077038,4.2724777096792055,4.922466862934952,4.301985348243774,6.15193571980507,4.548032468396795,3.8560324059743865,4.573745816562364,3.7042555169580385,5.869474662124504,3.8887760094960786,3.2807888091558084,2.9379161008822394,2.911642185014078,3.7295361920987498,3.6054698015214197,4.294725360745921,3.887637381026553,4.182281565952678,5.245040842691218,3.2015035226569957,5.04088048730522,3.6292026252420966,3.8287126044469884,6.717706641071397,4.105477818067843,3.459863689801063,5.450782031750066,4.701755604395848,3.361166853807857,6.399240799831719,4.519399808938525,4.25539119109145,4.635985957699799,4.587090897138402,5.334985340640033,3.898513909702598,3.2724421850129346,3.6618383276020503,3.9635008576049895,4.517625935167695,5.93769273070596,5.688460472817317
chihuahua,2.577039773332774,2.831934105736539,3.188572403076787,3.9787659074779405,3.3509352287700502,3.931675828707249,4.120602092740788,3.726774828151644,2.7478664036630924,3.771884494687825,5.657171457651596,4.786378895646101,2.924486002186738,4.785089006132706,4.793211507827903,4.332615011495365,3.144992951672349,0.0,2.6128025737629748,5.670009873450931,4.202523662883416,7.664864484849598,3.2143422437116085,4.71777354817753,3.6772101373190496,3.01171467306601,4.553667204064589,5.082488509581243,3.6693259813380674,4.401068076854285,3.7190816182995987,3.2780377763693855,5.914578751458676,3.9702490134102977,2.3870961924393366,3.4599364732166094,3.231109163284812,3.2283753486048616,3.0914575416403607,4.571870814442831,2.927646217526193,3.1265266347872833,2.648150596097065,3.1227759307781575,4.396839415168832,2.5900565288059423,3.6088914698389005,3.722603546912156,4.290971687979476,4.768847137856842,2.860810261231062,3.295953682736601,5.1370060540893725,4.002444930577324,3.0561273408263023,3.2199524090637595,4.317996198012264,4.274708926335824,6.18282729148333,3.3604510185036505,4.104199332353329,4.901282646412812,3.464225084662908,6.189084635758724,4.3881144376629475,2.434319245190868,2.4807296763268094,3.4912599114014964,2.8339733394717066,2.9868883283709526,4.653907190122108,2.729128904816277,3.9234156425509075,3.852448557752885,3.4934488346582273,3.9730694567672304,3.1425531621682623,3.965802111890829,6.572499764099825,4.780177564127216,4.2415868953232065,5.735093986226322,4.426738762256827,4.332904313852541,5.717547200133953,3.412345121679652,5.601260618722371,4.813449715031878,3.8915422531382933,4.904240918071272,3.7492620254935103,3.8823115817777034,3.5541614217116893,4.407566560290909,5.141294773967965,5.812104292771603,5.132415120694671
chipmunk,2.5192902522629095,2.709532541074465,2.9279641463145683,3.4999642902006665,3.0915425017244687,3.1719807991154227,4.13655461769007,3.4833272168119764,2.6396054473301547,2.9828974686014376,5.63900528925892,4.338981291276539,3.0594454961096145,4.839972330546018,4.521793152064332,4.1878026014006915,3.2726681614373834,2.6128025737629748,0.0,5.282312411391222,4.278901500687127,7.069456174894084,3.264965384232422,4.440334989771384,3.5869309668522447,3.07499874569394,4.534780563346485,4.862375032981285,3.4726702041592277,4.1655303963471075,3.957362431841764,3.1710962349943292,5.527485346486742,4.454531091765894,2.8550004896622094,4.057924049353976,2.936747156739896,2.9387946806991656,2.7296540760479084,4.570109450982746,2.6730724653182754,3.006837900572997,2.591492628289571,3.2357776993838514,3.6936356669359576,2.8627077584760463,3.1780771048858556,4.164257739853398,4.036034576105899,5.110230671857513,2.5693583341860484,3.1221463486534295,5.022407008092346,3.6692638853841677,2.7772772487554342,2.858932154979686,4.306051108263756,3.6265879156601226,5.589159228883389,2.8628384659205652,3.439876525391838,4.6255318329569555,2.979818647014,5.690082954624217,4.146937335364058,2.7080893564495727,2.598468653616803,3.4580282114678016,2.5337999090603773,2.7000923764842963,4.734732390169949,2.664620715139719,3.4587422056236594,3.949473637471877,3.3130096122368324,3.9125580326055025,2.969481346923196,4.019931371212222,5.988747123510977,4.5368049212226955,4.092767719974088,5.417130529713776,3.7722734019270163,4.379487914886897,5.33213122114618,2.742053107982566,5.520845613683996,4.706645847916543,3.332049423036812,4.227712696584563,3.664471159799712,3.857100567533416,3.0390049695238104,4.322050928030813,4.770997874276157,5.140870472838768,4.459494070916625
cobra,5.39527698047723,5.350588718256182,4.803633780829224,4.081871122130429,4.099426122410566,3.886231569054435,4.414852721358674,5.604548608479725,6.04334625918728,5.055006413194928,6.267041916899574,3.271686371260509,5.830701282321029,6.571778111367559,3.282404830860767,4.576255169902851,5.598195547500649,5.670009873450931,5.282312411391222,0.0,6.683154037066638,3.4066098669263147,5.259700865616847,3.909003074069863,4.738974127329511,6.0617016594998665,4.586088751721499,3.5965996545047463,4.583581466429884,4.335214420293122,5.086801717286723,5.881024004726,3.1019915526091384,7.152190084184535,5.827592734135993,7.598359784188743,5.973910040090362,5.495925972428466,4.979683072557145,4.9196925016273205,5.2361650379475835,5.331803218094012,5.6964250241343075,6.301497493486549,3.254974466441062,5.87582351026685,3.8277120084629312,5.36623210252127,3.4992673286339095,5.978448888734305,4.708732217798439,6.647916770543962,3.26765523812877,4.911825582049707,5.290632089414938,5.2104459288868386,5.137428278366574,3.294738274272849,3.044336548732627,5.0849763135119455,3.5951444774903676,2.805756014309178,4.2129772028538675,2.878407638038814,3.8477297548254636,5.764105304903213,5.37312550362965,5.347935180398578,4.540690583387747,4.7554249841570595,4.916406079277668,4.892944873611676,3.8222196929355783,6.8075547424678,4.1066447360483975,6.816062700418627,5.058557629425509,3.890946620897987,3.605996370243528,4.184491112980906,4.488974841442975,2.848951154651629,3.2414635552043167,5.276591541125736,4.423635196415504,5.022693117867785,5.021495496127068,5.443789706790188,4.185882942725003,3.242604832929215,5.2227743775052415,4.756899378372397,3.989210444971163,3.9705503186358975,3.615777254844796,2.968199220745783,4.273699023496681
cockroach,4.253479510230227,4.380117208787829,3.7821541488342265,5.5734387278414,4.5910771341374295,4.8774981213334385,5.371963619210199,2.7718055339768846,4.125460079239586,5.0176414728281715,6.347423184287417,5.246538357522593,3.832279898195483,5.66393267670188,5.704960670390228,5.531666480673007,5.455511486567905,4.202523662883416,4.278901500687127,6.683154037066638,0.0,8.435788706982649,3.4551070892380547,5.720642084733288,4.220801427476588,3.8248747050213163,5.493004757957923,5.511578465195492,4.450907602127962,5.533967902036837,4.160330168930378,3.8819320199903764,6.851935712975727,4.079082991492487,4.066094244656852,3.8327760813808687,4.39638641922774,3.3606871366847018,4.2152154294510265,4.882110050864205,3.9321688371096895,3.3974435135922625,3.5772653463777595,3.3964961899966855,5.075583155163372,3.9721066542385497,5.322580529637849,4.17044405016621,5.405309414678169,5.336625868404812,4.005890089648866,4.062301774270255,5.7338130037258015,5.579719249916743,3.9120109333916138,4.110671352140558,3.7241820696418944,5.418646571392118,6.697919354471614,4.338885739416272,5.588219072324747,6.0730661405907815,4.523428481250167,6.937964336460413,5.734224420584521,4.24203826233618,4.585414634256865,5.368363852604766,4.069627907146414,4.476269150783459,5.103596988033092,3.903422822388497,5.672993476014158,3.5268116048678686,5.643699505740169,3.8820881646042102,4.346529366986023,5.295915155108487,6.6636776041383925,5.569644436936374,5.286937074342406,6.891726347273456,5.570193242693566,5.577107015258422,5.053424919999495,4.434601342119662,6.816313833186714,4.302474619251019,4.707911129329665,5.827252531685568,4.144785519328303,5.33646067115468,4.782345342374656,5.410573724811002,6.039540028348366,6.449286084918377,5.060847048611112
coral,7.372976148551399,7.238233393575884,6.587089024447614,5.695342571152568,5.948383637509777,5.318693901635287,5.850101776167483,7.340942540149738,7.852543123487736,6.477819495037427,7.44001608444555,4.6427041251295735,7.762569692605762,8.086474452285453,4.31507128299757,6.100611435602105,7.523272126861966,7.664864484849598,7.069456174894084,3.4066098669263147,8.435788706982649,0.0,6.962581312131912,4.990518570392734,6.678541247680742,7.994181094569353,6.166600087867276,4.78854443992222,6.3524922884367605,5.836520736482639,6.561829594978442,7.7937404468722,4.015116341982812,8.941225019716095,7.769507707836599,9.61815659291294,7.899088336898068,7.272848514681197,6.794303742861265,6.368119295997614,7.0016068481170795,7.186897259535914,7.642562121575302,8.282773528841652,4.688922800824073,7.676756457160199,5.344790750099376,7.201342361862613,4.94308923441955,7.5897634583167175,6.547215325557473,8.490220823078358,4.594170208252465,6.531369759497105,7.033309222911855,6.916857164325963,6.660590030003382,4.738187355413969,3.5648356681211,6.742484736804113,5.065893687733111,4.222055080669275,5.96940380013091,3.1173397591250374,5.547404741389871,7.6521712508774415,7.359134848752775,7.232183190423148,6.39332829630623,6.54680078615296,6.2785177942871595,6.725968158147052,5.342884330006152,8.521906297836507,5.945946728154459,8.611369651916215,6.785843982965052,5.309995143673019,4.06712752437208,5.8504562621498,5.889949264869168,3.5933024508959632,4.516986587139437,6.875918063423782,5.379444268487256,6.578293730330131,6.195217663013194,7.162261095956721,5.7059177775025285,4.490077057762481,7.1101681216021655,6.349745836988382,5.624068310190984,5.262213339732558,4.714188932453165,3.4436969133085453,5.579213128424714
