,aardvark,alpaca,anteater,badger,bat1,beaver,bee,beetle,bison,boar,bug,butterfly,calf1,cardinal,caterpillar,catfish,chick,chihuahua,chipmunk,cobra,cockroach,coral,cow,crab,crow,deer,dolphin,dragonfly,duck,eagle,earwig,elephant,fish,fly,fox,gazelle,goat,goose,gorilla,grasshopper,guinea_pig,hawk,hippopotamus,hummingbird,iguana,kangaroo,koala,ladybug,leech,lightning_bug,lion,llama,maggot,meerkat,mongoose,moose,mosquito,moth,mussel,orangutan,otter,oyster,panther,peacock,penguin,pig,piglet,polar_bear,poodle,possum,praying_mantis,pug,rabbit,racehorse,rat,reindeer,rooster,scallop,sea_urchin,seahorse,shark,shrimp,sloth,snail,spider,squirrel,stingray,swordfish,tarantula,tiger,toucan,turtle,walrus,wasp,whale,worm,zebra
aardvark,0.0,0.15298777359130755,0.14679223704227407,0.15398041821798458,0.09911202172341838,0.13025115017358024,0.22823970422718232,0.45015740871648013,0.13506840619106497,0.1418825892523653,0.7369638202860326,0.8094457944225122,0.0951509882640812,0.19994657838333574,0.5957510719672638,0.20665821419570252,0.12458849294298713,0.12038532563884896,0.11519636110890841,0.38791828199135236,0.5407862278462103,1.4884733404213737,0.19969960919800633,1.0392731931812849,0.1542300553801359,0.16061290534007422,0.4715313534683203,0.7311186541173817,0.20998456834402024,0.1343942250622624,0.6099950227788552,0.09897548325236571,0.6717848779901954,0.238270151084228,0.13384010033596438,0.1547934120418668,0.1650981246156623,0.2690535944627096,0.15125399638033443,0.5249466342367715,0.15004660608490283,0.14917572374929533,0.11775430684354515,0.19204868937451147,0.36969985217717527,0.0983920408768012,0.16572194924780548,0.28930663621054964,0.671206430893212,0.5476552010477167,0.17578510134637393,0.18084993115277603,1.2802877974680869,0.19504747831403968,0.11858355394845721,0.11820275385468337,0.4626518200334119,0.24137954907198544,0.8914022586914407,0.1454300214562385,0.18473967610395592,0.7197039530107256,0.14499424125168092,0.520409816398466,0.2290205678055971,0.08157518633768823,0.11573679605636455,0.09522088823152719,0.17591955284124983,0.12237605105711968,0.7060109806331796,0.16829347039273923,0.10037703137135423,0.18360867741489484,0.12444245642150875,0.28283289684935986,0.1760053668853756,0.6510533226576305,0.5819802810007142,0.2475847381443771,0.5259672197955914,0.8463886118652144,0.1657586166859455,0.26111215057558956,0.8541605489885797,0.1272528601506614,0.5645324233023029,1.0835034966952442,0.16372419659966564,0.1602106940216519,0.20616890103456575,0.4138986325581264,0.1428462269666183,0.2748267474837327,0.4866412876253928,1.3611712614522513,0.19093173499803096
alpaca,0.15298777359130755,0.0,0.23584911963299537,0.16309239596298086,0.16156820479688339,0.17063440281728326,0.3120249237253424,0.3816625222997255,0.24457952846086772,0.16362499413904297,0.6546893118612107,0.6986868570416356,0.13190586116743608,0.14215060883117014,0.5523113483115438,0.257133111813559,0.18799362692095656,0.1809476252837513,0.15508570925786702,0.36592868150217717,0.4371071157321539,1.4465537740309864,0.22431938309334665,1.036892534792446,0.1297098518482106,0.15993561177281734,0.5203856883478187,0.4967789214538716,0.1376179995672523,0.16538445533958135,0.583919555771044,0.22120415994512221,0.731128525497219,0.2369603327512113,0.2314516212297968,0.17221266756710318,0.07817722768942736,0.1615825801774965,0.13080564999725608,0.456532668121422,0.21796724384722288,0.15320791240102405,0.17469783004175188,0.1556079445914098,0.33832454289540814,0.09998131458736093,0.19422394822008537,0.3273062269874376,0.8548625865865569,0.49176202535116587,0.19009482661003774,0.10258545686429432,1.3241635168475845,0.10500632359540163,0.08865455741170825,0.18151747717340783,0.3806398201364576,0.2022812680133439,0.8478022411173353,0.18703065843853395,0.0959172239260555,0.8562284973200311,0.21291216066995267,0.3217308157169514,0.13342465591413466,0.14084553551998424,0.16152285235659325,0.13417103680016873,0.16910835899382726,0.17646320940115678,0.6224668666639106,0.1638450593165639,0.10021516536666675,0.09752736531087236,0.20755807158570094,0.2884302441726633,0.09221694991848794,0.7709464306967363,0.5216266555602345,0.12974661549895505,0.46107456454367535,0.9164938845153754,0.21690849070235518,0.40893112267979204,0.7378870380375835,0.15821443239806465,0.5496146586214725,1.013881781300903,0.20282492408996422,0.13738864557701225,0.20248306885793543,0.43476910254298473,0.20030090272561807,0.2537292222105081,0.36750569797499866,1.3180016688902718,0.15495240934504273
anteater,0.14679223704227407,0.23584911963299537,0.0,0.24347387641992346,0.23280609734888813,0.15151364710108406,0.30500530785162505,0.4031402575352647,0.13778316944415392,0.17361345299464237,0.8089242095243339,0.7977093705725011,0.19864722813954128,0.2677704557303754,0.5223296411976992,0.32362668222716207,0.2738906155430497,0.2757718186059557,0.23401921247353918,0.4821222335667885,0.4829067067460693,1.2671342821049274,0.20400717039404104,0.9236520797904939,0.25736533608604717,0.18876069944832108,0.4640859707432111,0.7401424987654301,0.36194158989558545,0.2395939150426314,0.49785731449541115,0.1623863086592494,0.7310902449669627,0.2537896495589258,0.22196983380185353,0.20721016592559538,0.2431704320853919,0.2592566068777101,0.28879551381285706,0.5061268733141877,0.2917612507860051,0.23690681262236468,0.17967433202029792,0.2579670473267235,0.3624219386534375,0.15191673410848106,0.27139320985167303,0.41389946468705574,0.5950641756594236,0.5355591395098744,0.3074859051203468,0.20888097177721932,1.1866377116009534,0.3266966845798762,0.2315544153428405,0.16898601118179257,0.44589317641286785,0.34752574931717206,0.8295059969629679,0.23048569997541368,0.3182109849983109,0.6533899576781425,0.29183490801650114,0.5488593333336946,0.31585762651649507,0.17589261217268637,0.2994601416286047,0.22025252483277868,0.23446044666872057,0.271775383535676,0.6970548283409754,0.29776097922713085,0.22425835346419054,0.2093282189059793,0.2851533861252591,0.26301715294624295,0.24884567294267412,0.7046526690589621,0.6197296683137171,0.31795108655000637,0.5484660830863441,0.8324995655002205,0.24746352008477157,0.34293545842652295,0.7832890650549182,0.19602512091784152,0.6034155322468535,0.9834232592942932,0.22140484612554745,0.24954990696078705,0.2737030801065463,0.41691957047748884,0.2475776459643262,0.3411170297443644,0.4624144389277597,1.2193818448958398,0.19954921456968788
badger,0.15398041821798458,0.16309239596298086,0.24347387641992346,0.0,0.13118853132358654,0.16418370749043443,0.20950135052640306,0.5518800839060675,0.22589338994235308,0.10501115488157842,0.8021025099367632,0.8315375792011503,0.1446744734751888,0.18468637566217871,0.5024778547434992,0.21190343775838782,0.11913078989810189,0.10945373231897948,0.09922356490963169,0.3435258544285318,0.5910512228759475,1.4172519416532605,0.28835714456729256,1.1698020089211563,0.16471960834561428,0.21246724862183175,0.5880119438397431,0.7302589925359864,0.20846434039635076,0.14188385689580585,0.7171654308732476,0.21394502788124203,0.5887031853422592,0.29682285836700306,0.16381181615414608,0.22715592649664829,0.21781153557398747,0.24476275079891396,0.1198376087835532,0.5986440915564637,0.10075143736168513,0.16837409215483157,0.20895039678732297,0.2311402973751684,0.334002643796914,0.14083038326484332,0.12635336843888134,0.31438259148125947,0.9057689294958696,0.6187042176853987,0.11026211737638592,0.19239530317746345,1.3677832449998903,0.12042753861310551,0.11547793550998886,0.1767418064257289,0.5631480741571921,0.22252633862872329,0.7850583214945617,0.11597431612932263,0.12143485049138636,0.7604583875461837,0.11108791532793827,0.4433063665952459,0.19541163467981026,0.1442016789090007,0.11573811038791004,0.12497145032123702,0.14196699151035763,0.08026768672182838,0.8974241680710908,0.10080957400769874,0.10508362748452083,0.2617703892351696,0.10648173754885937,0.3423757456511668,0.1794353098799123,0.7555552394290315,0.48847025642370967,0.2626358950802766,0.5875699307835565,0.8707816070315191,0.16431285594919476,0.3847469957335059,0.8166129804607507,0.1135582085447766,0.5056080059153546,1.2051800415359248,0.17540389501506115,0.1379988747437948,0.23809960064148372,0.4974852772223608,0.15789303481841488,0.27610705681264447,0.5207903141058796,1.3416754813920646,0.21764997693817467
bat1,0.09911202172341838,0.16156820479688339,0.23280609734888813,0.13118853132358654,0.0,0.1763639293008319,0.1948410048338186,0.49207031139923674,0.23305862931704124,0.15175868478054244,0.7657782650608896,0.7728128119218749,0.12843530922941027,0.1550462589006827,0.5617509195414488,0.22224554966677224,0.10042749620996239,0.1002689707727733,0.10386622418360347,0.32785241801487663,0.5886290196606812,1.501380449348003,0.28002290935051855,1.1731943851295095,0.1694967012034596,0.22281111909563256,0.5107735232481649,0.7735039790863419,0.1713006391971298,0.1360779698412211,0.7132728428536574,0.1465216871759345,0.6824797904442115,0.3040805333093406,0.15828397771920133,0.23434952285207922,0.21344922381925913,0.2618396871842935,0.11744705983378334,0.5988267496101246,0.10415426424766583,0.14844768744936787,0.212786903852061,0.18291454680560104,0.4002657557265257,0.14072304340000297,0.1110670299363502,0.2547475079673691,0.7547890082515167,0.5921904134842022,0.1444788845359828,0.1793723850383213,1.3204232308015997,0.1462264672412814,0.12476083436812713,0.15322696887812637,0.5123700245105162,0.192742262305044,0.8565603183866273,0.11093926274681531,0.17812410507257403,0.7083407477684809,0.11793465147373272,0.5127252374437669,0.21164964878774373,0.11252531367684337,0.10487772278035268,0.12198840512522213,0.16980029995980928,0.0981453375219562,0.8216757775003785,0.0991644125483725,0.11573744832205468,0.24403179661139784,0.1435747362007378,0.3906835528388354,0.2064505874505902,0.6164431293645954,0.5257094722212696,0.21131891388696766,0.5942068765727491,0.8825098067484939,0.1772866226609876,0.2849763353552629,0.7969336857089073,0.1359703621497108,0.5126055907951086,1.0994403509031447,0.14891239248460397,0.16386531585930064,0.18987885557404938,0.5042440731379065,0.10970424818079727,0.21558072062813338,0.5262480644593573,1.4601667245100614,0.2540133612846339
beaver,0.13025115017358024,0.17063440281728326,0.15151364710108406,0.16418370749043443,0.1763639293008319,0.0,0.28457124577880666,0.3720528780791824,0.16694083385217895,0.12111949652117893,0.7668472302174025,0.7108007301940784,0.16432666657306205,0.20037882073897073,0.5337433345082299,0.24768588524034552,0.18790433978704624,0.20913251811356592,0.14815668608090915,0.4314039034158509,0.42958148490334946,1.3320516721129945,0.23627776442760662,0.961055933724285,0.1963319434795039,0.18631938641648205,0.5238093599967952,0.6504202975144566,0.25010101139724183,0.18329918283420987,0.5649143742751206,0.19880899168455768,0.6679769286355166,0.21707407699031545,0.1933174833430099,0.21024717053011988,0.19125637220951597,0.24894848704168193,0.1877077771663248,0.5017925633412541,0.2011970388845402,0.17151516508231113,0.128128904323211,0.18225307222287956,0.29257953980723717,0.12475278212273666,0.19884025451612863,0.3345084558361362,0.736465489167733,0.5278483007805029,0.20134527665820923,0.20634175162265256,1.2774211992456908,0.23301631669438316,0.15373502733732336,0.13387087068794934,0.43972090527687646,0.23001892185552797,0.7621748290689484,0.16090661858328992,0.1830812336349602,0.6951297144869211,0.22746228341226382,0.45380260937099537,0.26071098635506396,0.15058713621805142,0.20347282355080465,0.1507832474949241,0.1880817911413476,0.16749095286582316,0.7600636960013158,0.20031311678846175,0.13724880692345776,0.16602670551008114,0.18318943974973056,0.28864400789082,0.1701316556452096,0.6984709069359233,0.4612243180917587,0.23932286159292315,0.5158423120207856,0.8377275666850931,0.20655123912418527,0.33202847427795834,0.733181198926292,0.11358123440504075,0.5355961228840393,1.0309016684220056,0.18227028393600808,0.16317910004817426,0.23664008922512503,0.39855747954817955,0.1872728075023362,0.2655601119724569,0.45818369971605,1.2657831001961473,0.1747891856979379
bee,0.22823970422718232,0.3120249237253424,0.30500530785162505,0.20950135052640306,0.1948410048338186,0.28457124577880666,0.0,0.6867552654573095,0.34340770859916026,0.27860200853898365,0.8161064694454441,0.9016525103982647,0.2550121866018321,0.27093030032523513,0.603561818549877,0.2997886436633511,0.17327438539889362,0.17695153492261706,0.2056154944335079,0.49390362092503226,0.7404782843557539,1.3921058619113134,0.40107469253702255,1.260834753931424,0.32805793255789684,0.32060073112906873,0.5645149131614168,0.8795562866999871,0.3188813502351582,0.22704432827815824,0.7204995573296955,0.2975496851391536,0.6577864473924908,0.35002430072389423,0.25385095106753297,0.3854382006937572,0.3613706742302052,0.3479247783377133,0.25727855461041915,0.6537148135106859,0.16473311663733214,0.2892613967428358,0.3857729136678426,0.37207530681601264,0.4657289570105796,0.25242003147495784,0.20662483489307737,0.36175540782103865,0.8142077994652955,0.7095901856316016,0.2564786945487396,0.32649480322859037,1.206814061872649,0.256515563381575,0.2742867923214054,0.29460025345180985,0.6501914299559703,0.37022932424372057,0.8784897190930501,0.175495811655502,0.27511666157871484,0.6794439904951768,0.20577566855238638,0.5758853180475618,0.3117029405631112,0.20989379409305098,0.23325000369497106,0.2554585103731578,0.262295789036597,0.19244773286275063,0.867731164169653,0.20086981624436806,0.24260513872169764,0.3973250949393524,0.21547253100678387,0.5345637151573883,0.29192309931029525,0.6229244841170236,0.5025709369498607,0.3516218908541422,0.6628621267075652,0.8799410626621995,0.24897985783458,0.317453147470771,0.9655892930622505,0.21359579728426858,0.5677414355555405,1.2628382607488673,0.26704157304401654,0.25266456945079396,0.2993886969553833,0.6412358329987131,0.2446775764140352,0.3132496596610409,0.6237028022556687,1.4226058878938834,0.3793784196957737
beetle,0.45015740871648013,0.3816625222997255,0.4031402575352647,0.5518800839060675,0.49207031139923674,0.3720528780791824,0.6867552654573095,0.0,0.42175797376921254,0.46494090958743384,0.6238767285895856,0.41652878247308134,0.39807254339101994,0.47849295019029736,0.5791599584609266,0.5394650007750877,0.6112696984570056,0.607998529683502,0.5290381136490385,0.5829216184942292,0.2669758482416279,1.204775380324957,0.2960190029710009,0.6837127299806909,0.46582186610998266,0.3959670750013179,0.5533387471282349,0.4614266926061886,0.4405817623559587,0.5214344296980336,0.5234457904456551,0.5166263654211775,0.9499703137300513,0.4002854888688764,0.6081652761176176,0.37088422451007064,0.3480312445670851,0.437260497326574,0.5290549872146733,0.5420111615215828,0.6051461814800971,0.44573334152385746,0.36913717762750564,0.3386792054917468,0.499846677421542,0.4286634387603896,0.5807790624106312,0.4352384479284207,0.6754701327653391,0.4906806702627384,0.5610327739756721,0.41191455899550966,1.0929390348058352,0.5577980429246907,0.42461105592312365,0.3811341933803133,0.3117041774656162,0.37629340569889613,0.7556306229351997,0.5116907594326493,0.44438318789244635,0.8655775762782949,0.6198682500496279,0.6022976601312148,0.5036674592121513,0.46402962615808985,0.5298329076189513,0.5034742730259645,0.49800142792883073,0.559604946417048,0.6002729486139928,0.5402318521764459,0.48738072948857136,0.27089812878054853,0.5492435326737426,0.38130334667417054,0.38972954017665884,0.8394090748206392,0.6719604661999768,0.428593623262161,0.5540152925935484,0.8776241641649715,0.6030517418615534,0.5717248807385396,0.6117159320837877,0.46155768550076826,0.60637447838529,0.6153882852200151,0.41543694905399786,0.46100426771662306,0.45700007159167044,0.5231767065673781,0.5069832177821104,0.43940036580626674,0.46268427928053313,0.853220065050998,0.33120164373450034
bison,0.13506840619106497,0.24457952846086772,0.13778316944415392,0.22589338994235308,0.23305862931704124,0.16694083385217895,0.34340770859916026,0.42175797376921254,0.0,0.14414012490917538,0.8807785118798717,0.767644362783709,0.13142875778307805,0.2775310572044316,0.533521004837824,0.3335344258491716,0.249711923473531,0.23354344163274088,0.19551518553379243,0.40692365198365066,0.4865931445456554,1.23545858330501,0.21284940652837048,0.9292891920881933,0.22677449583209175,0.16323226600319352,0.45510304342826124,0.7937173041966022,0.3662832377641161,0.20296590902065725,0.6067523181166588,0.12985294281430226,0.675662032421517,0.3348212036591357,0.16522330965187182,0.16482782587335854,0.2426944320337754,0.3120587462648363,0.24445527642454035,0.5719188761625498,0.2446705969032006,0.19150878156070916,0.137332257814209,0.2784666760633099,0.2940372099494607,0.1437558875299011,0.24750684664655476,0.407399564239336,0.6707013653471048,0.6503972618877776,0.21699722181982706,0.21437527730389416,1.141550375245078,0.31305061653735644,0.17648579360504513,0.11974791165517762,0.5001615497261735,0.27175630072673596,0.7706137944353847,0.20237737992035976,0.2906986692743869,0.6401329628092276,0.25327831939764356,0.5525886803072465,0.33524710136193114,0.15984067267348978,0.25092899191291795,0.16283136742348014,0.19500128513827975,0.2179874724798052,0.7728253178056792,0.27389070939650806,0.19750930338562867,0.24547992486407455,0.2163732717315633,0.22498483685463666,0.24824936426959143,0.6943192014628465,0.5839806667374032,0.33441017201094825,0.6018635904305958,0.7447572096789226,0.21106292482910816,0.3977933340650235,0.7470367274006519,0.15058276101395962,0.6600520576402709,1.0533143738552997,0.2254066817242224,0.190305633685519,0.31238958286660246,0.40774314258718347,0.18658974496468816,0.36017734727511264,0.4566321793161078,1.1763297413842695,0.19469526408541116
boar,0.1418825892523653,0.16362499413904297,0.17361345299464237,0.10501115488157842,0.15175868478054244,0.12111949652117893,0.27860200853898365,0.46494090958743384,0.14414012490917538,0.0,0.9350571353844955,0.7708803849226125,0.12480763441875387,0.15993765945065452,0.4653976434942936,0.302511609805479,0.1703124386452326,0.13715299124666458,0.11132355515573722,0.30125380952694336,0.5242977227163252,1.2984200649441056,0.24825199114816565,1.106112055370066,0.16266668523087602,0.16710575916723347,0.4873133310228551,0.7714197086092076,0.23455960623902428,0.13848036478305448,0.6977914757518796,0.1441738458117301,0.6385895461179754,0.31140113876801834,0.13765078127023456,0.19873875441452993,0.21232929181561933,0.17172451080344753,0.1327605170386975,0.6514071238328502,0.13772224480927264,0.1296745489964869,0.16791302589437562,0.21683453560575416,0.23255089889531266,0.09410107160073888,0.11831288748241864,0.34930968506318205,0.818549563638217,0.6793474150788625,0.11808615268036537,0.16834486370155266,1.2538591392696101,0.1587531055431255,0.11229501383750151,0.12947563175665278,0.5626880099853409,0.16725282318422652,0.7055765148233824,0.10247489492750472,0.1974151215467378,0.658047114289434,0.14346999067785704,0.4510316251408173,0.20665142757749388,0.13601423322864037,0.16715286126205853,0.11671483524965909,0.09523079800453782,0.11130486685845442,0.8678826490155672,0.12350662708171944,0.11713350996234384,0.20537239554782094,0.16505372294776133,0.3149832990895046,0.16563323384540585,0.6977728850210627,0.49985508402715084,0.22561545142013906,0.5831221012309381,0.7498485193277658,0.16049667162207237,0.4002666585785094,0.6523217224782945,0.0830350314866547,0.5309746594282687,1.131108333650091,0.15470455353713286,0.1298684739579017,0.23782159099261335,0.4828833727079229,0.13211592311147147,0.30395196739954644,0.4421103083480198,1.2728376679062485,0.14889508980595179
bug,0.7369638202860326,0.6546893118612107,0.8089242095243339,0.8021025099367632,0.7657782650608896,0.7668472302174025,0.8161064694454441,0.6238767285895856,0.8807785118798717,0.9350571353844955,0.0,0.7902948598998598,0.7911030821570442,0.8029089711453996,1.0493789211530007,0.6084393125576658,0.8368149162628222,0.8978864272307148,0.8986779859041616,1.090244855559786,0.4690277048974778,1.477107637243354,0.682368919445244,0.6579491157253601,0.8181750424995301,0.802793464541426,1.0126981868225722,0.43868593086639995,0.6392437838269067,0.8543479244516285,0.4114778330009029,0.9049470070921304,1.0458438488074726,0.4763712830521456,0.9838222223902935,0.6617976930997633,0.6195162522904041,0.8515087244759254,0.8167678775248549,0.43395281905857364,0.9152607539714084,0.9014190622334703,0.7221059789049513,0.7230683226242551,1.1229096170091006,0.7832141589917946,0.9871802851291935,0.611940935384849,0.8307963026476204,0.3412061252322296,0.9380156687624136,0.7697539712580344,1.3483621492713829,0.8095299976701145,0.775092967734664,0.8157067304676375,0.3759828241986587,0.8413989402133023,1.3095773887038005,0.8996400276448437,0.6588169159578223,1.297103145334019,0.9126083542497019,0.8827479494631405,0.7342398411059409,0.7659639511433394,0.7490010535988949,0.8577139681445269,0.9971063814012714,0.8353691777894612,0.5849466642013466,0.8592483335472582,0.7400024453564364,0.5881296327537583,0.8034996698239514,0.6348555314240811,0.7203892028817223,1.0666502133070321,0.903963232549231,0.7639713281061221,0.5159148490606965,1.4205919959630138,0.9457637708262768,0.6998879437131094,1.2707395626153732,0.8953698938932075,0.6547312912051173,0.7789675521963799,0.8775180581176137,0.8193816121108835,0.6999601565061926,0.5215606206999247,0.8386594830064076,0.5815443340307733,0.8235588866368942,1.0837612199783209,0.7961197083875363
butterfly,0.8094457944225122,0.6986868570416356,0.7977093705725011,0.8315375792011503,0.7728128119218749,0.7108007301940784,0.9016525103982647,0.41652878247308134,0.767644362783709,0.7708803849226125,0.7902948598998598,0.0,0.6811246678211185,0.6824838333520692,0.5960238343345873,0.8632057828794056,0.8994608869263969,0.8758735289626346,0.7758002683027753,0.7049098888770108,0.5656917505202194,1.0096611993306144,0.6265026807128211,0.8150024165490569,0.7347915786659136,0.6885962982099754,0.7376247910627607,0.6252097411785849,0.6440112004186204,0.7884690630355086,0.7907306020197098,0.8515747096495851,0.8403313343072278,0.6905794724965126,0.8398753778348419,0.7012846523890985,0.726308492077002,0.6708732946877426,0.7852509882263259,0.7761662897967049,0.7903808873695306,0.6825433282441996,0.725567495481093,0.6205572976292258,0.6432171026149072,0.7594254167682899,0.8013854252860854,0.5666685541484422,0.824467102759519,0.6677502585146473,0.7800468464434616,0.7557772790115891,0.907881625370085,0.7753804476408623,0.6994288628334329,0.6931283947285212,0.5617285205392006,0.5832345843223092,0.6993236041435934,0.7265646075145836,0.7135650877770283,0.8652330437228872,0.876907491129272,0.690439867419662,0.7127842675775166,0.8268077245428342,0.8011398288480547,0.801197925294945,0.7561402844056208,0.7958420488868948,0.7362716492215498,0.77083853638957,0.7842155487160555,0.602598594250363,0.7917315175065249,0.7640792449089403,0.6757915205179226,0.8660975411938183,0.7462468484049363,0.6795083559459223,0.8198949656385627,0.7945379888954321,0.9181739006625136,0.8929343381822956,0.5019319781110932,0.7191379551399815,0.6859165082381312,0.5883740428194639,0.6709282167706119,0.6820913158986939,0.6958889505146162,0.841952051146409,0.7878934904102761,0.6120320532306534,0.6785621642065105,0.790501569494209,0.6676038800142947
calf1,0.0951509882640812,0.13190586116743608,0.19864722813954128,0.1446744734751888,0.12843530922941027,0.16432666657306205,0.2550121866018321,0.39807254339101994,0.13142875778307805,0.12480763441875387,0.7911030821570442,0.6811246678211185,0.0,0.16572116478981447,0.4874096551215156,0.26673154527369447,0.13434644138758955,0.11087276759569586,0.08962667391778467,0.27774265338203785,0.5077710772261868,1.408240316090641,0.15701272004466127,1.07000959138713,0.11936222512442896,0.0956810052735435,0.42845712085752885,0.7147726904154745,0.18609277833442306,0.11313622731758455,0.6407940420421461,0.11824337739651902,0.6204519093890937,0.2833759613172918,0.10232661759898487,0.12238625172982265,0.14434697244098493,0.21429736773339947,0.11644932112143369,0.52423717738846,0.1276778747422168,0.09004761163574648,0.13934025719989007,0.147726198412236,0.2814486744351301,0.07718341299954568,0.12832308707119422,0.2728527843640771,0.7649481682576755,0.5909257885363606,0.11386431739168679,0.13136439967674762,1.2033427778732342,0.13916564070783777,0.06669439024416679,0.0962297033820032,0.4648298727807707,0.1718901479095375,0.7503168264370127,0.12748576173170845,0.15045767719997527,0.703478582578376,0.1290378788710399,0.4316674925101227,0.17351696515522974,0.09772240502379326,0.08953074484152279,0.08132062336751111,0.1122072384910402,0.11502719528978145,0.7423792167982697,0.13345143311733165,0.09011554071789452,0.18883658556098148,0.10230641678250718,0.23726802924873103,0.14579893958864698,0.5953754314667106,0.5464094737069919,0.2223883672255902,0.5651347932136772,0.7096157069537035,0.14661638904090268,0.3712997487310832,0.7222722142533518,0.1020658118282417,0.5596503100441483,1.0129126816222669,0.1418161073918064,0.10784909803643661,0.19355938881027224,0.4627932164465851,0.12069192424462294,0.28031542232150164,0.441383850274488,1.2966083666814088,0.16806075963503841
cardinal,0.19994657838333574,0.14215060883117014,0.2677704557303754,0.18468637566217871,0.1550462589006827,0.20037882073897073,0.27093030032523513,0.47849295019029736,0.2775310572044316,0.15993765945065452,0.8029089711453996,0.6824838333520692,0.16572116478981447,0.0,0.5171144076698182,0.3457717889155274,0.1794284654660261,0.1632835029651235,0.11991177178436296,0.2852819498884712,0.5813388793231834,1.4424881418630549,0.2828259397817189,1.191999000115411,0.1280349346519689,0.20870926457618322,0.44446737373536316,0.6691305689004104,0.16211283340463267,0.12508296991708234,0.669751348324042,0.22384354884922475,0.6865366692211827,0.2684561069395014,0.20606484009745385,0.23530243729907496,0.19063366557333494,0.12124844503108367,0.14152102337705996,0.5516864643828125,0.174086049975541,0.10635634993059984,0.2855546311198124,0.13326819151421454,0.3378669099418644,0.12684103281421877,0.15077008713365136,0.3143944150130774,0.8847052207664121,0.5754255942016764,0.17709439228319235,0.14507922854132205,1.3273594521232606,0.10217509044030637,0.1485022300039749,0.19302627225733893,0.4972427537588784,0.2124002806551072,0.7853022963294924,0.166147146082526,0.17539199496609914,0.7568339298157909,0.18888741942221188,0.35583490880756397,0.104931044165395,0.18262617250605306,0.1839717026728963,0.14474661150197288,0.14795191451693723,0.17848634832788202,0.758645475647352,0.14199357528309875,0.14178476484563673,0.18596941290101243,0.22493520931541144,0.3986441482213511,0.1026724897804876,0.6948391086621815,0.5912070015156139,0.13279204595454008,0.5588635231969001,0.8748624312193517,0.2331487652190739,0.39676072879257085,0.687979414896903,0.15496982797325598,0.5140901207680476,1.011452222890071,0.18613357517065854,0.17556809548823105,0.13449739304697672,0.5396671372527686,0.16569835103752262,0.22704548291617654,0.4128797386880635,1.3900762818010206,0.2120569487394316
caterpillar,0.5957510719672638,0.5523113483115438,0.5223296411976992,0.5024778547434992,0.5617509195414488,0.5337433345082299,0.603561818549877,0.5791599584609266,0.533521004837824,0.4653976434942936,1.0493789211530007,0.5960238343345873,0.4874096551215156,0.5171144076698182,0.0,0.6491696896558743,0.5581234602465961,0.5595695630291625,0.4879339128149912,0.5653702552219,0.6538868167536596,0.9938417058785165,0.5167992001293942,1.0965148710241948,0.5265233835200567,0.49373723668524494,0.6153750730636842,0.8332422273718512,0.5630430153525341,0.5290195770979952,0.8005654612401114,0.61570431046634,0.6034504349100902,0.5882580918193923,0.5069778658789837,0.51509290800294,0.6138500347353278,0.4935424336953542,0.6114731637355048,0.8010392908286541,0.5270819670735849,0.5124641567695778,0.553823074077966,0.5564121879560818,0.3940318774397191,0.5482033546687182,0.5322164033440913,0.5139998923926414,0.8379786833723193,0.7789579258229,0.46876827039622704,0.5320074434664706,1.059501566484033,0.57662068594916,0.48598858414767065,0.5068623957510028,0.7218681202770008,0.4724155215601552,0.7185216375850452,0.498013091026284,0.5711856400667343,0.7496886258985846,0.5848217128070765,0.6379736935763487,0.5860437146277301,0.6055229233985879,0.5725656107291555,0.531337944417407,0.4997369994553713,0.5352738946340225,0.8508377587794793,0.5434867273434283,0.5246893345379331,0.590118567084411,0.47829082768249087,0.590611311195544,0.490718007490623,0.7941444197662282,0.5450131839722849,0.5940804176390333,0.7956997188602918,0.6425403081514374,0.5694234728498213,0.7006672607987141,0.5256281655253201,0.4345848817812987,0.5983491136246539,0.9319160481567969,0.5060098198288195,0.45305430021147963,0.6144530080897594,0.680707772096797,0.6323241049655451,0.5848501006599243,0.5315031646761869,0.8460317090013255,0.47709184595561305
catfish,0.20665821419570252,0.257133111813559,0.32362668222716207,0.21190343775838782,0.22224554966677224,0.24768588524034552,0.2997886436633511,0.5394650007750877,0.3335344258491716,0.302511609805479,0.6084393125576658,0.8632057828794056,0.26673154527369447,0.3457717889155274,0.6491696896558743,0.0,0.2553458358095163,0.28558858457309766,0.28487785026693646,0.5956482318375083,0.5626242678954153,1.4932134602006657,0.3715917963022086,0.9973272510994448,0.3396156780866214,0.33088825981366865,0.6448702406174719,0.6426213428671684,0.30871955384697447,0.32393990052666666,0.5721984752735717,0.33147553019149467,0.6369698369627055,0.2643575565676758,0.35445284252667664,0.3093835736532502,0.2560854800992366,0.4373198232742833,0.29649607143996326,0.5135449663110678,0.31111337315946674,0.35572605152404935,0.2549559110888019,0.33913503185021376,0.5260389214854473,0.2542644836246074,0.34832848299375696,0.3284780190309974,0.7768887397554177,0.522155267032733,0.30160682260159755,0.3169804987402862,1.3673413333123399,0.31999915651877464,0.2749895603939353,0.29805677292512844,0.5223073418799102,0.3601191343704001,1.0323877742726917,0.3018676483853343,0.2373319261224126,0.8408187693283523,0.29783668856848866,0.5498342535282006,0.37576564791439593,0.25392843474863813,0.23102014429957296,0.29555013943890496,0.4020746796457144,0.2508447220404497,0.7643132532994186,0.30386825538835227,0.19783798333067137,0.3137753014635827,0.22813337826781765,0.38247975484944763,0.2780132769128324,0.790355946394052,0.5940068893434018,0.3824900830783101,0.4546144426950769,1.0635128963460274,0.33108980724588843,0.33073169920142453,1.0368651009897107,0.2804605380936136,0.525044462752472,1.1560168270831281,0.3674251619977732,0.2932911387328605,0.3569368476122736,0.40491706166713726,0.2829506362454234,0.2946804832100428,0.5970338295038395,1.2998994659033607,0.3355908289562747
chick,0.12458849294298713,0.18799362692095656,0.2738906155430497,0.11913078989810189,0.10042749620996239,0.18790433978704624,0.17327438539889362,0.6112696984570056,0.249711923473531,0.1703124386452326,0.8368149162628222,0.8994608869263969,0.13434644138758955,0.1794284654660261,0.5581234602465961,0.2553458358095163,0.0,0.06033054909981217,0.0808952990218903,0.3276779318113249,0.6628335899203549,1.489851508396156,0.32703673579799175,1.2666688931414898,0.16847731442142588,0.21554073726947576,0.5451200835395902,0.8489801658849664,0.21408184180232248,0.1072293569096695,0.7392497577354868,0.17051167598224537,0.6179601551673561,0.34001795269594337,0.12269281339518823,0.25166305964712044,0.21924810498785952,0.2788957621755832,0.11775220663240327,0.6066487295252017,0.08882773551294809,0.1484886591677993,0.2285886012627354,0.23007481344022185,0.3789831589516246,0.14599828498071743,0.10351164998132611,0.309260595234776,0.8496707116005652,0.678472939732725,0.11176692485915085,0.19762111493156664,1.290991200405508,0.13400537470348484,0.11676462206033644,0.19182823592147458,0.6192312006359268,0.2518947244535059,0.8778738201527636,0.11448949931796348,0.16794279643832877,0.7183511189470064,0.09817357445934727,0.5260991690640743,0.22662383894699945,0.1106762909739395,0.08714992495439555,0.10086657625399142,0.1552515290204135,0.08511412231899007,0.8702526292516782,0.1048293176423758,0.10738409548040251,0.3108455906322899,0.09687716767207788,0.40008779025774566,0.20556907614371756,0.5890160477543371,0.4974401705059346,0.24163922800789128,0.6422340834093717,0.8125581332227247,0.13263048491690166,0.30156724373164234,0.8679068538193967,0.1239388610597173,0.602893588869996,1.2396247913158347,0.1954781419645284,0.1669115279518656,0.2228375603672197,0.5512284522877544,0.14279618644879832,0.28305816693891506,0.5606620869609206,1.4797534777592158,0.2930093362007039
chihuahua,0.12038532563884896,0.1809476252837513,0.2757718186059557,0.10945373231897948,0.1002689707727733,0.20913251811356592,0.17695153492261706,0.607998529683502,0.23354344163274088,0.13715299124666458,0.8978864272307148,0.8758735289626346,0.11087276759569586,0.1632835029651235,0.5595695630291625,0.28558858457309766,0.06033054909981217,0.0,0.056151590096913395,0.2708228187750966,0.7161273988262515,1.471712767200207,0.3177121484137895,1.3110392698385243,0.14030517071644577,0.18163870783224656,0.49705137924529896,0.8546063743742714,0.19094057372730355,0.10406106263801229,0.7991374328215779,0.1552491146060172,0.6219799845984015,0.3625417020633167,0.0875242416769334,0.2492687289185891,0.22895793483780524,0.2261100558172794,0.09410414785529908,0.6573224734461407,0.06484547425012122,0.12108623561489928,0.25297204648265637,0.1949195154250245,0.37112285390451616,0.1247022551730822,0.05391521462112725,0.3030183924025467,0.8986394296679453,0.7288894691952715,0.08286163790594481,0.17303157861937413,1.2775313420391035,0.09369702051396345,0.10106200438823909,0.16471292221258904,0.6237583154735877,0.22190577879194706,0.8465489406363336,0.10120243269890172,0.15745899562680976,0.6918918849405654,0.05552659659041781,0.4955897355628187,0.18740468725342352,0.10314254078724738,0.06879523312524694,0.08401738248001422,0.10890185478862413,0.06095418971425748,0.8817732782577441,0.06903261940821659,0.086323522903059,0.3048317570079826,0.09947392755849815,0.4017057983086485,0.19698032707616298,0.5843038538657666,0.5404945083288979,0.23547196419189487,0.6526764782169043,0.7713196709603009,0.10856316472695848,0.3507344852272416,0.8128199699224362,0.11811847945213905,0.5786917951277457,1.2282651704496428,0.17858523425151074,0.14868634373499068,0.20186912267258983,0.5922642743641391,0.12132611218140654,0.2961568630023165,0.5529236407422411,1.4805308107717325,0.24915747324848814
chipmunk,0.11519636110890841,0.15508570925786702,0.23401921247353918,0.09922356490963169,0.10386622418360347,0.14815668608090915,0.2056154944335079,0.5290381136490385,0.19551518553379243,0.11132355515573722,0.8986779859041616,0.7758002683027753,0.08962667391778467,0.11991177178436296,0.4879339128149912,0.28487785026693646,0.0808952990218903,0.056151590096913395,0.0,0.23909311053471693,0.6509926533175088,1.4122271308663064,0.24813195061284166,1.2232018598093015,0.1037011844617085,0.14699928634602555,0.45643414184550657,0.7822344135579393,0.16175153894507444,0.08544456726557625,0.7656582840724313,0.14609904375612126,0.5761424370435794,0.3244374806910989,0.07828669533410071,0.19038502127152068,0.20890155699201607,0.19270259092817077,0.09088307568542242,0.6121397172735723,0.07092924150966551,0.074086245755147,0.1983344403551326,0.14589900701165348,0.28788296235220656,0.10451680798882346,0.07066807476442616,0.296648959309575,0.880108818527764,0.6846762901624857,0.08360358166846837,0.14483485934271756,1.28650458434542,0.08670533621006138,0.07837367362682224,0.11981835820180087,0.5738670408187015,0.1657998277719196,0.733006863543215,0.09960933973902975,0.13587598780099341,0.6682698307442114,0.07982544270115288,0.418651725203372,0.14644381892760272,0.10743862196207621,0.07832293232776333,0.0553256570454711,0.09362957125762861,0.07143519492013384,0.8446080571944734,0.08012411681439169,0.07763294103648999,0.25406167381321487,0.0829962759897156,0.3350162974206451,0.1492912153377849,0.5894064216178077,0.5290642744455797,0.20655558830948817,0.6061999107034539,0.755468819273367,0.12020634362248239,0.37845450622364707,0.7198805476836512,0.08465251813783015,0.5690932178176169,1.1289046756973107,0.1265414886516527,0.11477687807822101,0.18618089113783431,0.5335140069346885,0.12040243718563493,0.2729592932984226,0.4607477150615856,1.4014901189921962,0.18274081777642415
cobra,0.38791828199135236,0.36592868150217717,0.4821222335667885,0.3435258544285318,0.32785241801487663,0.4314039034158509,0.49390362092503226,0.5829216184942292,0.40692365198365066,0.30125380952694336,1.090244855559786,0.7049098888770108,0.27774265338203785,0.2852819498884712,0.5653702552219,0.5956482318375083,0.3276779318113249,0.2708228187750966,0.23909311053471693,0.0,0.7702189997502308,1.2587083441933105,0.48238446810700186,1.251810038658915,0.253057554964375,0.3497675752754682,0.4812627244987072,0.8060850365446218,0.29679121187926827,0.2634594152099098,1.0045130560161464,0.33624814195443753,0.7625973168796892,0.6615839184406687,0.28838743089075336,0.40705173737217815,0.44539313722374596,0.32061411484818114,0.2548011727371975,0.8671815187192229,0.26200367702502314,0.19086817351607233,0.4646421235817856,0.26558343289462283,0.3637398941743589,0.3213270747510055,0.21566605650605686,0.4742424011222791,0.9557892136366386,0.8151529202718876,0.25322997540739123,0.3412273667907706,1.0998041754975394,0.2326707687562637,0.2656068912611128,0.32860744132428665,0.744072504950024,0.27655612598531565,0.6164413480467816,0.31015216578335214,0.35365385972787333,0.6856096851828457,0.2565165415493159,0.44942046757327825,0.2962347360895834,0.36856185334360225,0.3142196887197718,0.27607806337351914,0.23737475420041443,0.28977388093932244,0.912398709989327,0.24270567268417487,0.33758292050898997,0.46198722834621586,0.328457273440223,0.5671792129409063,0.3858641470852465,0.6177991322358714,0.6565721097313166,0.32546622520992396,0.8632105214372348,0.6379693536354416,0.3252003233948656,0.6905753966893373,0.5406109691442162,0.323754798638189,0.7210223286810873,0.9995256283330033,0.27250978300886164,0.2794101671775798,0.30309572241766103,0.7592500589153242,0.30343390789366886,0.45568011480880677,0.5009186921542652,1.220108751988669,0.3609015347204019
cockroach,0.5407862278462103,0.4371071157321539,0.4829067067460693,0.5910512228759475,0.5886290196606812,0.42958148490334946,0.7404782843557539,0.2669758482416279,0.4865931445456554,0.5242977227163252,0.4690277048974778,0.5656917505202194,0.5077710772261868,0.5813388793231834,0.6538868167536596,0.5626242678954153,0.6628335899203549,0.7161273988262515,0.6509926533175088,0.7702189997502308,0.0,1.187254656798288,0.39650221428874666,0.6210055930953189,0.5716367468463146,0.48619473706213034,0.7918658796257145,0.45711859710119584,0.56490648179923,0.6047811456569153,0.38756406631370066,0.6062636533799818,0.9677008328881327,0.3725113114051479,0.6743800432416625,0.3899627597925913,0.4298783314392083,0.5614334671699284,0.6053384571325549,0.42203297172725573,0.7080573156827074,0.5887005986891813,0.3928170921707548,0.4975632842962452,0.6246421415804737,0.4851448608220532,0.7071459661019575,0.5001206404204055,0.6823550195584935,0.3721772137780045,0.6376258740715764,0.49717194034152534,1.1822516873816482,0.6575751118110149,0.5051206801754227,0.45613882828396857,0.29982075430237565,0.5093156559037206,0.9359200187634543,0.6132789253889239,0.5264483647637885,1.0246134559266775,0.736124465801107,0.6819094742474162,0.6096776965235264,0.5497183879460381,0.6208987671158988,0.5830537317916645,0.6369945806706265,0.6415177839355303,0.583063724245296,0.6442158642306439,0.5487252454631306,0.3513496867354653,0.6440045540104093,0.3451723193088536,0.4815427908408684,0.9323095269057086,0.6306928946646533,0.5426914524076076,0.5301348197896143,1.053996373823337,0.6765874925809288,0.6131902609268391,0.7445080754002888,0.5390729329371349,0.6545146489296767,0.6885815035128775,0.5846591126415241,0.5420204339955692,0.5720959439350817,0.37423663232718707,0.5943584852090495,0.49035035502914814,0.5260166233743412,0.8891352807991665,0.45965516372289494
