,aardvark,alpaca,anteater,badger,bat1,beaver,bee,beetle,bison,boar,bug,butterfly,calf1,cardinal,caterpillar,catfish,chick,chihuahua,chipmunk,cobra,cockroach,coral,cow,crab,crow,deer,dolphin,dragonfly,duck,eagle,earwig,elephant,fish,fly,fox,gazelle,goat,goose,gorilla,grasshopper,guinea_pig,hawk,hippopotamus,hummingbird,iguana,kangaroo,koala,ladybug,leech,lightning_bug,lion,llama,maggot,meerkat,mongoose,moose,mosquito,moth,mussel,orangutan,otter,oyster,panther,peacock,penguin,pig,piglet,polar_bear,poodle,possum,praying_mantis,pug,rabbit,racehorse,rat,reindeer,rooster,scallop,sea_urchin,seahorse,shark,shrimp,sloth,snail,spider,squirrel,stingray,swordfish,tarantula,tiger,toucan,turtle,walrus,wasp,whale,worm,zebra
aardvark,-2.220446049250313e-16,0.8185088814800271,0.7773308884324485,0.8142474843386363,0.7305183370984627,0.8330713690886512,0.8293888570622725,0.6917919338588543,0.7694901955613833,1.0424782936357158,0.8368174494449346,0.8698826054913877,0.7412573586310871,0.9253799332651468,0.6324265049007585,0.8588339133882688,0.9107589354189025,0.6795634482669459,0.7407699096644892,0.8321757676657429,0.680364243937712,0.8872094985201561,0.7048166250910972,0.6837252305061846,0.9169051353328015,0.8431404435257195,1.0397922853609662,0.7607918854750437,0.9704552955345109,1.1756297355060166,0.6351187486559519,0.8317504260911264,0.995995416712671,0.6996554754662409,0.6943823118979635,0.6842593344601228,1.109962469143641,0.986709403626381,0.7473307059921628,1.013088694402511,0.7834243135260524,0.7862629197914399,1.063106934620952,0.8473041576102334,0.818304963368879,0.8628606679578368,0.8297222804850475,0.7631586976510887,0.7197621746575755,0.8305290956377975,0.8617678542547066,0.7581516604346124,0.8139709887929568,0.7116083039673817,0.8495762059315906,0.8219161150564553,0.6046371686695957,0.7746045526150172,0.8833053243187283,0.7739716148901987,0.9645221368868122,0.908233546805307,0.994694197900172,0.8709496479266648,1.0579136104158813,1.0293298774097497,0.8753339220802661,1.16097070231385,0.921095636171195,0.7847604212301054,0.6997827960644096,0.7667515255523383,0.786063672029256,0.9027335793372309,0.7912205189370021,1.1542558576609712,0.7613121106878907,0.8160873010390304,0.881167355384883,0.9847442097327459,0.9540691287897776,0.7934886858981346,0.8022728714206377,0.762809186617873,0.6665297648401883,0.8330820023452253,1.0913982891713714,0.7999283832710024,0.852791799353587,0.8711364988207089,1.0853175646526247,0.6216535437819735,0.8658506991777928,0.8167614506696627,0.7612370551149528,0.8890992464179938,0.9845812237379795
alpaca,0.8185088814800271,1.1102230246251565e-16,0.5714452086952755,0.6697154867886403,0.7890299602633584,0.5472208670922061,1.0923307368750619,0.8330695778712773,0.6459546471465261,0.5785103233594131,1.3129355675068999,0.7766651060169751,0.8075491424102222,1.3740558463942474,0.8909151279075798,1.239122716008169,1.253294017807585,0.889265534493183,0.6635445667808173,0.6576887627624066,0.8416899353146203,0.6084255593322062,0.7932423949373393,0.8547126373085683,1.100183634080137,0.6990899821184315,1.3524181183593558,1.087533972786686,0.9398112010505553,1.1265486654534551,1.2267942030014714,0.8059033833489827,0.8931695445551666,1.2523652453019896,0.7306360197158597,1.027083164084657,0.8977355114927362,0.7160246216446693,0.6295747567875969,1.3852419520258992,0.6292152371135028,0.8026058854318388,0.8996356153499508,1.0192888282078314,0.5875033724801324,1.207852493368537,0.7405373790558922,0.8628623441526418,0.8255910399360671,1.3838089394836317,0.6971740307187546,0.7866168157148851,0.7277630450892482,1.0843945479990778,0.5530680853672013,0.7895323165956583,0.9252838908952332,0.6566163256235225,0.726088038444238,0.636007913716502,0.6645874441577331,0.8052653042964981,0.8811090525337775,0.636367283069452,0.7755993451845097,1.0342333718771572,1.0423966614263658,1.2878824779776992,0.5307608372518515,0.7207037034925967,1.2706727674525633,0.7577730958847901,0.6077561760113173,0.7556562542427034,0.7916584864546438,1.071375559366849,0.840041703827051,0.8320178472608138,0.6620400084393838,0.9956746415075629,0.9386156242873757,0.6635635150829695,0.5730089669864877,1.0979068010940256,0.8753132895720322,0.6182780989158023,1.2828346318950326,1.0988507255241482,0.676280233257933,0.6504122575653042,0.9679319144129542,1.1261672903964879,0.7693431145801225,0.8676589227082191,0.9397879050950253,0.5631423269701322,0.7173016765717929
anteater,0.7773308884324485,0.5714452086952755,1.1102230246251565e-16,0.448287175897232,0.6155000511308206,0.23029856224251155,0.884161273618888,0.42862666893836254,0.4141651004305521,0.414196262315617,1.6662396016630598,0.3692814396978209,0.46840113828594376,1.564185101520824,0.47871732546075985,1.3722061985531906,1.6292257499673846,0.8785022998945092,0.41037348766726756,0.3443015905398742,0.49872244420803435,0.21162804177113004,0.41453927951433334,0.6276821671945958,1.0299931672861153,0.534988858489504,1.6629034144023733,1.0041962228733654,1.0753881627902577,1.5479106419796402,1.0563846680893025,0.6080494745700423,0.9355859003067929,1.198351706724014,0.4941149816914884,1.0114582998691677,1.0474387531497964,0.4472743891401938,0.33218199761632516,1.6694151123302838,0.3366413571395055,0.4234785759467633,1.1016969573946016,0.7817074006485322,0.2428630761633439,1.3581629057568865,0.41949598207916194,0.5834325316335075,0.48592953875259004,1.484139905848859,0.419756921777632,0.8805867993249303,0.3550785029765653,1.182170865744754,0.26198184476375397,0.4721487089492391,0.5921779341726952,0.2800274265743513,0.253964842432829,0.2578544213085133,0.497769063382811,0.5069037314022047,0.6562590017159954,0.2802502412155501,0.9633478829709358,1.4131519286811227,1.1988926486082747,1.750596943379211,0.31205485543390554,0.6064751166590083,1.1460493674155763,0.36165186780396397,0.5671451276663245,0.3780837261022143,0.9681116529137274,0.9652231985948732,0.6990256534641335,0.562997149513583,0.2855708989702681,0.9540766700467209,1.061444536920712,0.3693498950649595,0.26367463697630455,1.2864187363307833,0.48408508769638503,0.253903660245027,1.7170098250809036,0.9617541097583561,0.2902200457284967,0.25335100407000943,1.0862012940304961,1.0885379731296805,0.8158287740825343,0.5061336750671304,0.9025943749615333,0.25854620287409014,0.2900304370793748
badger,0.8142474843386363,0.6697154867886403,0.448287175897232,-2.220446049250313e-16,0.38004428405971813,0.4693553285392176,1.013149011997661,0.48691400462502954,0.5065536767841794,0.5022704815900559,1.319279714338842,0.6441340223815331,0.5935501049586791,1.344487538820068,0.6662638201001183,0.9910119347286757,1.3577831982973838,0.7214438474173566,0.3617391316334193,0.5620480106943517,0.6617100254421173,0.4124328313550465,0.7196588796863457,0.5994749820994447,0.848807147647164,0.5750869003022772,1.3786237348069867,1.0748341620522002,0.8816815091426865,1.4147661556080373,1.2003352259498083,0.665709883610305,1.0184931947504616,1.0501032500153626,0.5694192144034147,0.7859285898289523,0.7337519005345436,0.4905049403115215,0.37646834043519506,1.4678008473603403,0.5196923081767573,0.4619780570529014,0.7558942683056267,0.809812947878457,0.40085983520109936,1.201901956094388,0.35798922259987276,0.6935496745097185,0.6028075399923283,1.2819861961562709,0.5738601347565317,0.731888729405058,0.6789024298010621,0.8298998404570603,0.4925316243836897,0.5030939932117551,0.6579233684073439,0.4575954780409849,0.5483728086488011,0.4319630581957763,0.5369978782082278,0.4999993658396702,0.7915356551574881,0.4679420732859878,0.7722775430551294,0.9907691017538287,0.76096784381978,1.4231248761193855,0.5733223331562587,0.4839963187060129,1.145553719656849,0.4106850595320336,0.6113422811385094,0.5239831107278083,0.7173175507009755,0.9291092334445228,0.8397592074659199,0.7400086754061537,0.586969730455877,0.6663521248086259,0.9886437023283081,0.6025614835424444,0.4205916153882804,0.9383383091764689,0.6280654912300656,0.5169635947921692,1.3855367225908428,0.9717948506594744,0.44649672545342767,0.5081100886538799,1.0466846189564734,0.9272426009176737,0.8292248880911808,0.608670296335694,0.9730932043798565,0.5135769636069267,0.5861435448181769
bat1,0.7305183370984627,0.7890299602633584,0.6155000511308206,0.38004428405971813,3.3306690738754696e-16,0.7191542893047106,0.8169191098475627,0.35164634231322167,0.5575696712888556,0.8373441495765448,1.0838752320242047,0.5425793503928914,0.4457819639975594,1.1157137055137443,0.583723878797038,0.9160441221645982,1.123632384684188,0.5899241644702072,0.47694284445042123,0.5801172013955254,0.5929522547831371,0.5309716874359993,0.5756194465687595,0.5298844499992845,0.875603460628629,0.573374881944466,1.357904171737197,1.0367214041883486,0.835430227968868,1.5443865228312714,0.9159430337318863,0.7448846435923069,0.8912777059523257,0.6995100107530865,0.460296615147734,0.5563478810993723,0.8312587273675655,0.6890710034462351,0.5037336478242238,1.4192779475159316,0.46451588230523844,0.4261434986407717,0.8116119338201432,0.5876192134673478,0.43302505360974397,1.1120220195332648,0.44211657820496575,0.48176241531244524,0.5848968620576582,0.973966852037681,0.6876709074801475,0.842158511942499,0.6479595192518215,0.5729787240747093,0.5581410689458128,0.6421323566796614,0.43601687522742993,0.44208553556353947,0.5663015897549324,0.444571755499931,0.6895513056919006,0.4360134848284186,0.7101913173212834,0.5584918552691047,0.7497815009062903,1.0023916766758152,0.5295336199203912,1.4831011453362288,0.7480947266725955,0.49318284641917853,0.8262397416613603,0.37641438002689775,0.7231384353836694,0.4815492722778727,0.6092646874774852,0.907616545889269,0.8681714718396774,0.4965521499290144,0.5747893553006974,0.5631193283127542,0.8626850519743837,0.6433294440287234,0.45293015093322864,0.7983299668240594,0.4315434318591298,0.737858245841712,1.3544639573459016,0.8035113914298355,0.3712341073468933,0.5616874173781752,0.9627722542904937,0.7086162596079784,0.891206103775578,0.44733307809082345,0.9150450621527277,0.6198825041577235,0.7248109026389911
beaver,0.8330713690886512,0.5472208670922061,0.23029856224251155,0.4693553285392176,0.7191542893047106,-2.220446049250313e-16,1.047114362263924,0.583907214929951,0.40565169323376726,0.22946765488502352,1.7004056892167363,0.4856339515794028,0.5538088174758456,1.6334962463128169,0.5227093300166685,1.391316733526639,1.6961726163893482,1.035156138372228,0.3735288639624539,0.41370172629888735,0.5889545978431071,0.18077723372128085,0.5601990855793155,0.6221004550262954,0.9586035513391494,0.5529071777193948,1.6183474272801162,1.0560103742887272,1.033251055716058,1.4578667808332668,1.2587026049955838,0.6168737907332171,0.9704375223997803,1.372567368230469,0.5994867436909879,1.1240326356053572,1.0087819032221408,0.4460162350402388,0.30847658297025704,1.5923769867305135,0.3803855385201602,0.43991997217038636,0.994299992716221,0.9322302561646236,0.2302356405592848,1.3385181784601454,0.38916352029719736,0.7074618481049472,0.528723922359141,1.6162791492623825,0.36832010954282624,0.8283496538709425,0.44251526011636266,1.2632416439715577,0.28471836538415285,0.4008416650959129,0.7407181679138053,0.3808938777210197,0.30496109866976995,0.2906450670845596,0.38572820138947006,0.5995447144452497,0.6845899093497472,0.2928728259763165,0.9969833900399067,1.2880520097050736,1.2499218076437402,1.62422322853784,0.32118132538605493,0.5714696827885746,1.362776872432676,0.4462814189475741,0.5009955854511488,0.4511484133438114,0.9829523618333116,1.0288934755649304,0.7056317162589523,0.7037519492891793,0.3321828086655747,0.9638003874912855,1.1432567064952641,0.4308712218476155,0.2587991963076669,1.3261446275507511,0.6339106090107298,0.21804635658693483,1.672665945330032,1.1695423556642701,0.37661831101308807,0.2523005151554607,1.1094782735858004,1.1726374572169784,0.6814166083150828,0.6168176241149594,0.9373220888191838,0.23459601426859222,0.2676807376370861
bee,0.8293888570622725,1.0923307368750619,0.884161273618888,1.013149011997661,0.8169191098475627,1.047114362263924,5.551115123125783e-16,0.6273615147073182,0.8565645829230469,1.1918553615447423,0.7966769646273242,0.6210572751296866,0.6157683227496802,0.7052966396430975,0.5805645250016958,0.797808982496489,0.7752753294925427,0.5659809182995378,0.820195671908803,0.852496658385571,0.6840602642224684,0.8700263111807711,0.6194610762580031,0.5927580135783126,0.9114548284648722,0.8464364406071336,1.0513131929232196,0.796778455925795,0.8626392064594826,1.2742349067334282,0.48013276743391664,1.0361048558074208,1.053183105479893,0.453573906422971,0.6427882805919234,0.6830696947341514,1.122586165721842,0.8672009186080756,0.8386721039940821,0.8937350181308746,0.7576834917999536,0.6403505753193626,1.1709836900321355,0.5916027640025276,0.938329336528287,0.841369783190594,0.7701229245608168,0.5592646965966936,0.6557236315403596,0.6327730805100062,0.7531759199492413,1.0099222125042828,0.7018015513071897,0.6438563161886501,0.884270384365756,0.7486282728969167,0.5665450586934497,0.8156700169554232,0.7444691728769111,0.7376998967691228,0.806850605835454,0.6344078940151441,0.7470324973682307,0.9198474431838399,1.1554106136510984,0.9632782806160104,0.7692605859018113,1.2522209597690523,1.036776950915622,0.8413985995847028,0.5574253234628876,0.6541985348825923,1.0446389690648028,0.6742284234035764,0.9349010435642504,0.8114919070517564,0.8192789934865345,0.5127279090411365,0.9433960952782718,0.8264651090999819,0.9318461361584874,0.7412211212934351,0.8947062721449821,0.6402691605322908,0.6373328053199555,0.8944100505172613,1.138722967338856,0.9056263897897733,0.729050025849519,0.8138207479665859,1.061353709231166,0.6541061693241339,1.006635018452057,0.5109216506229968,0.7691738322122819,0.8849595479942101,0.9478200330726246
beetle,0.6917919338588543,0.8330695778712773,0.42862666893836254,0.48691400462502954,0.35164634231322167,0.583907214929951,0.6273615147073182,-2.220446049250313e-16,0.4939502688281068,0.8601100171018977,1.1863357409388455,0.3291415920157349,0.32771623579627274,1.1190911455683876,0.3018172307097692,1.0099093802480914,1.2567403152638563,0.5552825467125275,0.3957413036038214,0.4561194737679767,0.3040920434214258,0.3849301306066252,0.33354644685979795,0.3748116106761299,0.9537062390636056,0.6115465649498202,1.4600726127086485,0.7949149598243577,0.842419429072655,1.637533261241206,0.643802523129034,0.7712785799778937,0.9577218744684909,0.5904105158702189,0.39811114636535816,0.5679631087203848,1.0534119182549324,0.5664559192456542,0.43968407962464184,1.4226997632239873,0.3305376895436336,0.2945153326121649,1.1134841895119412,0.5247740456188594,0.37874208058115466,1.164908838182051,0.41518192751417404,0.36316334348821677,0.38375417514811094,0.9574257386383769,0.5305872414534536,0.8449114157234856,0.3477788555754232,0.7398481053455193,0.45898668554316,0.4955602503589046,0.23780788110768325,0.31562819753299676,0.32529126038091294,0.30235912833714473,0.5787861981932538,0.36193357548701144,0.6206624580661702,0.45815331396590664,1.066127413307894,1.2185572736392503,0.7356255546182686,1.708955272727742,0.6985562580510187,0.5244788411244214,0.6695108953638265,0.22417413347196458,0.8216918120322837,0.30322811167256614,0.8658522359514238,0.7582763311498444,0.6707105218657337,0.37341562583057586,0.44290828224135526,0.7111910593124151,0.9940181288674877,0.43496353494187057,0.3955029855411021,0.8983625148932858,0.20788324701678662,0.5652506677088738,1.5608401871575475,0.7472694603516745,0.2757534160944901,0.3618468548238558,1.1265726863256251,0.6505311208046181,0.929511472920611,0.2629707611294696,0.7727297781779332,0.46844144597683346,0.499349395505263
bison,0.7694901955613833,0.6459546471465261,0.4141651004305521,0.5065536767841794,0.5575696712888556,0.40565169323376726,0.8565645829230469,0.4939502688281068,0.0,0.4989840047851082,1.4535869852078909,0.5218883121242481,0.4379181563915362,1.3602612129462688,0.5778135044964869,1.2235830277762543,1.374521925580925,0.8193229037734383,0.42188209383361885,0.39199509492286644,0.6014192073628406,0.34115162348739236,0.5406494441647067,0.6041715571071566,0.9152512214073634,0.5980652943367765,1.4961238469816032,1.0246038661038401,0.9906770118380407,1.500961650891235,1.0265296177733085,0.5696867831319985,1.039842647470051,1.0143394986345324,0.4864265206612477,0.9460759822003243,0.9499928709453043,0.532122539005923,0.41579009218325536,1.4792975207701284,0.37329189522915307,0.40498812435369513,0.9165836757832022,0.663512860551277,0.34281440176020184,1.0911701996256298,0.36227352584716477,0.6441900122772811,0.5338360277148885,1.2838042678830426,0.4070021578165399,0.8157586658997447,0.4904338475740804,0.9725294135153375,0.3657275324374979,0.47912720123340247,0.6333580425620846,0.43132443078053484,0.4415664272544323,0.3623814923814781,0.47369767866098256,0.48463273622480374,0.7089199030841628,0.4598629440876175,0.9635361800949492,1.11644658941036,0.9477431184986896,1.5710550833214265,0.44458538651228563,0.5368755123958941,1.087430168802005,0.447088189958063,0.5804666929489233,0.4932572966291211,0.8300876550023952,0.9915328868031236,0.6778102260746417,0.5716252295972654,0.4419671809679331,0.8080778966875145,1.1588107856924943,0.5248418634301147,0.3307035746683037,1.0095163771350246,0.4757186847848631,0.3839819322767958,1.5670345185160803,1.0659326186171054,0.3475715409323217,0.37314768228142425,1.13453564103656,1.0052062486701612,0.5773713718475875,0.5549008439024162,0.9577828212292321,0.409696860083419,0.518685546061809
boar,1.0424782936357158,0.5785103233594131,0.414196262315617,0.5022704815900559,0.8373441495765448,0.22946765488502352,1.1918553615447423,0.8601100171018977,0.4989840047851082,1.1102230246251565e-16,1.7323214344425053,0.6938433689455316,0.7091502244995793,1.6524847936895342,0.8312508199626991,1.408260387155812,1.6605242385514052,1.1982193259189755,0.4761300701311326,0.5294735139741351,0.9393915900826237,0.33275951493050726,0.839639091541549,0.825420471533836,0.9164508030377273,0.645268999830763,1.5014443462671052,1.2366419519902176,1.0093996170371666,1.2546058000902676,1.560448472168791,0.6051126430071829,1.0682061079108642,1.6036384235377419,0.7685617346851042,1.3178236229781441,0.8337752221291197,0.4964293352752638,0.419697823612283,1.543498110777512,0.49727892662229045,0.637139306540399,0.7695345962311658,1.1100921729874407,0.3952735680073548,1.3986785742926187,0.42542693997427083,0.8760848139812537,0.7045836087129222,1.75007296069067,0.42149673288573397,0.9057378702576258,0.6639318412952802,1.3356215236362772,0.3662363466031968,0.5111892384020786,1.0197712655795381,0.5769052990914689,0.4824876814309441,0.47218581245793145,0.41326836815317214,0.6451600877686037,0.6793189425261734,0.4514915495705143,0.8874771751250777,1.0513836698751868,1.1986321662511696,1.3880532341640928,0.3401428619665945,0.6584556205620973,1.6186006904507488,0.6160635174887283,0.4737777732797863,0.6351890900048534,0.9005377193108066,1.0206393859976781,0.8892798931341763,0.8623862329683893,0.5176339502267766,0.9367185353824602,1.1828108887336284,0.593623584316247,0.39303173218644616,1.3168552405911214,0.9384487299763602,0.3241161591530476,1.5178339868489488,1.361010619039282,0.5437887986494777,0.40234260869069194,0.9828166115803714,1.4190770243334871,0.6974042263317648,0.8071334040643833,1.1105593072613287,0.33273356050163494,0.41815684151230115
bug,0.8368174494449346,1.3129355675068999,1.6662396016630598,1.319279714338842,1.0838752320242047,1.7004056892167363,0.7966769646273242,1.1863357409388455,1.4535869852078909,1.7323214344425053,2.220446049250313e-16,1.4211135637880885,1.3059624058815698,0.22776460447674363,1.2118344295462435,0.3249499370004294,0.27031189789703625,0.7687279552432633,1.327283064506312,1.604189706663439,1.1543973888562349,1.7121673921511966,1.32667501159979,0.9895398711927843,0.9262070032524792,1.3221529448196903,0.3251938533432992,0.707670455940897,0.8331595753969055,0.6201673143936413,0.5743013987361147,1.3355371144197261,1.02325188061997,0.37576413146846366,1.261598153118388,0.601818031318033,0.9166926390345304,1.4605730101645098,1.4704082103902492,0.24678135112035304,1.4984638108123647,1.319551723509258,0.9180247750035561,0.9754728870266154,1.640832426924626,0.4635944693628903,1.4144148990346652,1.1975907813338442,1.2749091918577387,0.20100991620631692,1.5596674049946522,0.8505142679423043,1.5292020946340874,0.42665459151262763,1.671826854827625,1.3778742642009194,1.0378622092594239,1.5005215343356357,1.639892637178817,1.5680635320803535,1.4202812995147074,1.3642710204209483,1.2845927004649136,1.5708789875164448,1.0279312799663556,0.6372366844841503,0.5961414370687499,0.3972759650883012,1.6511685341187166,1.186855120739789,0.5001465093730657,1.3995533474863728,1.3946845927032325,1.4488519499497436,0.8883746483378258,1.0418467985666529,1.20768876691175,1.218060609799912,1.700539636087175,0.8815963863942442,0.8718827680198075,1.4646119599806968,1.5893920615683594,0.414668980539628,1.2073725086673912,1.6625555605541218,0.28445267673563646,0.7503899859155968,1.5611277565389403,1.6805126987636783,1.0806184265421543,0.5573377286437018,1.179230659495892,1.2419962078659428,0.8570624927527812,1.7270858010651198,1.7398563459754153
butterfly,0.8698826054913877,0.7766651060169751,0.3692814396978209,0.6441340223815331,0.5425793503928914,0.4856339515794028,0.6210572751296866,0.3291415920157349,0.5218883121242481,0.6938433689455316,1.4211135637880885,-2.220446049250313e-16,0.3029119409265115,1.333159942210855,0.3170883890420986,1.308067941270001,1.3794554674798696,0.7645058544653714,0.5054131339134709,0.3096228145929949,0.3666502734516417,0.2629629557800365,0.2640077489982986,0.4771958841941498,1.1257517743886172,0.605021031670019,1.656400310249391,0.8777465824896801,1.0144968249285808,1.7265765668783404,0.7640518091764174,0.7241986612258904,0.8908081830598822,0.8340655115541031,0.32364918229706374,0.854931252653969,1.2458755365711558,0.5781185057593548,0.46563610656696885,1.5043706700684014,0.3220211732386288,0.32153640634245706,1.2520974361404795,0.5639824812241307,0.3204694077933118,1.2768358344105484,0.463884789464057,0.2900306386365853,0.41334332440549615,1.1365600919786825,0.4663768974024789,0.9242619563264236,0.21684581764220145,1.0575269329917132,0.36143969923937425,0.5083248942585039,0.31828131228273515,0.2442128394571682,0.21506859636193099,0.3031137639571634,0.5772894671640141,0.39893592126598443,0.5746681755524663,0.359617812905764,1.1059041602395439,1.4042549921013783,0.9930767305841631,1.8256446179663186,0.5167732294482505,0.619508262579982,0.837392681218477,0.28076110819115074,0.7196512918588506,0.18582162442410266,1.0498596267507556,0.784094469045904,0.5625833752080156,0.22560967107030738,0.27870069785896867,0.7929527924704052,0.9506396216320865,0.3160755215271174,0.3951327668684862,1.1705902207738275,0.3451829406736896,0.43335945712668333,1.6875544777350422,0.9142300095463306,0.24273753765362382,0.2688319279373981,1.0582833177842037,0.8411867039038047,0.8959667850540753,0.24659652052252146,0.7917997306026107,0.3116979408529287,0.35410406973344877
calf1,0.7412573586310871,0.8075491424102222,0.46840113828594376,0.5935501049586791,0.4457819639975594,0.5538088174758456,0.6157683227496802,0.32771623579627274,0.4379181563915362,0.7091502244995793,1.3059624058815698,0.3029119409265115,-4.440892098500626e-16,1.2687631818604668,0.3627815255599173,1.2270495148840248,1.2675977169686936,0.7411541819605395,0.5092019878055676,0.34606479756986874,0.48429889689967753,0.3611413634227316,0.29977711871176305,0.47864276053704935,0.9946777575625532,0.6138450291985167,1.5922123036837617,0.9200915492066789,0.9901606755090664,1.6566477635062138,0.7778395121467576,0.5439130802203018,0.9317215499646424,0.798663767782574,0.37103897485651793,0.8528618947983984,1.120792742500258,0.6134154812151039,0.4409944742152111,1.438318584888681,0.27825143778199224,0.3470583126682455,1.1167843342224004,0.5703052431106692,0.348753544878326,1.2050450677776474,0.43077664002534766,0.3040277971603985,0.45690772980163985,1.0808231051240487,0.45488591277174073,0.990365938622635,0.2882353739990484,0.9029140425681786,0.37900650733486974,0.47498637744133987,0.34087689524980624,0.30314806241364023,0.30376351423291914,0.3152486970652685,0.5836122716756265,0.4282532208163975,0.5211996255376854,0.49158604466401945,1.0185314952086177,1.2683083732734213,0.841179674653331,1.691828232602045,0.59392155074527,0.5657337253218058,0.8652362731560892,0.28644565939511324,0.7138594733870047,0.32457711910905607,0.8438944897158224,0.851853397228973,0.6259888222666968,0.3048800452601571,0.4000322618713229,0.7631440182371322,1.0512200145003225,0.43329354729169445,0.4119000560413514,1.0035689838310602,0.35574014389785424,0.5255204861563016,1.6384170261433002,0.9962757836170828,0.2770247845527356,0.2846171402705233,1.0286798311236534,0.8899946953671715,0.7460970184874371,0.31551061183504736,0.907671897487107,0.3948802213740503,0.439630741314774
cardinal,0.9253799332651468,1.3740558463942474,1.564185101520824,1.344487538820068,1.1157137055137443,1.6334962463128169,0.7052966396430975,1.1190911455683876,1.3602612129462688,1.6524847936895342,0.22776460447674363,1.333159942210855,1.2687631818604668,-2.220446049250313e-16,1.200877200027863,0.38124464471192065,0.3992673540849857,0.8092429874571143,1.2344141268437376,1.5830644810700338,1.0559518105910506,1.623957991041979,1.2520051403825532,0.943936160088602,0.8715345165812376,1.2564320299579859,0.4267384043512712,0.7425434955129999,0.8813568149638484,0.6585351723830521,0.6199920025738572,1.3105857891405959,1.1080834235804045,0.38714062658917636,1.2467505978975857,0.6029874199142136,0.842336912374825,1.366327767184834,1.428067278663313,0.3118220048821453,1.429330387643545,1.2154444219168303,1.0611033153396534,0.9257690539071972,1.639394956309153,0.47489568521065517,1.28279389666694,1.1518164275693994,1.192003738740187,0.22644583754533198,1.5207252329851757,0.9144238763447802,1.4670929177149086,0.5184023161153068,1.658261106316234,1.2934754176933287,1.0487026094153011,1.479445099979687,1.4995774774336605,1.4867856600541516,1.3351397859354888,1.282379803991082,1.1753448947376492,1.4498359809811667,1.0692196153634983,0.6318831009779213,0.7148719813026507,0.48903762163116127,1.6000960270706295,1.1510779367381236,0.5435966089080565,1.3074172769113237,1.4750453254125995,1.3726720165255901,0.9590790871587134,0.9843364674098081,1.2437959355869133,1.152114877162427,1.60903044718852,0.7554720611273993,1.0577829236276939,1.4171076348671534,1.5157432336821635,0.44401824097081677,1.1390291570311626,1.5932184526596633,0.43248164529718935,0.7577216546879182,1.4586521019698577,1.5570686955265733,1.2125153065014593,0.6880317369965046,1.1050762894194586,1.1333497337517096,0.8995351051645613,1.6760870257211908,1.5838370388930572
caterpillar,0.6324265049007585,0.8909151279075798,0.47871732546075985,0.6662638201001183,0.583723878797038,0.5227093300166685,0.5805645250016958,0.3018172307097692,0.5778135044964869,0.8312508199626991,1.2118344295462435,0.3170883890420986,0.3627815255599173,1.200877200027863,-4.440892098500626e-16,1.152395479550997,1.2271458696452862,0.6823430248156488,0.4870167326060607,0.41167346101987623,0.3680185478090283,0.41033660713630027,0.31276637276231223,0.47421133595763154,0.9615318617936959,0.6805266946477493,1.4285433132778027,0.754445180545288,0.9149733318970514,1.6051764826949937,0.5715869828825708,0.7837960793755641,0.9566547622390218,0.6873263971902056,0.3974369558505011,0.765269974919947,1.2795587397141397,0.597062791333296,0.48551286989111997,1.351574248506875,0.4319262577316597,0.36313930812981365,1.2205533025394273,0.5817941789300971,0.3775297925962271,1.1807397805460003,0.5110283302218319,0.3610616708886466,0.3956038869751983,1.0150954029364627,0.5004837434202056,0.8876532864117117,0.3030255657901576,0.8793551551249026,0.4724600073468609,0.5094447868336666,0.2626822183573889,0.392381034491059,0.38637984512267354,0.3558231569164244,0.6113524179452465,0.4509169775699139,0.74002925457444,0.49085561530672395,1.166050354610649,1.325740117593789,0.9161674514383203,1.7041299394823315,0.6898959835148644,0.6906657789597571,0.6905918722671265,0.3571437019891819,0.6861260105090785,0.3889974299036839,0.989599558616658,0.8664113170902619,0.5562506639296265,0.39711245452485056,0.47106916632192986,0.9521183019141835,0.9923397144529624,0.3861112189035657,0.4741862633738172,1.0290133967399306,0.29044119797426904,0.461924300382741,1.5614544704854327,0.866191213980599,0.4031808475875376,0.37360449528195594,1.0661069447027651,0.6545495899109361,0.9536635142928008,0.3354683163635561,0.7187458567864867,0.43893521536612523,0.49826305081457223
catfish,0.8588339133882688,1.239122716008169,1.3722061985531906,0.9910119347286757,0.9160441221645982,1.391316733526639,0.797808982496489,1.0099093802480914,1.2235830277762543,1.408260387155812,0.3249499370004294,1.308067941270001,1.2270495148840248,0.38124464471192065,1.152395479550997,-4.440892098500626e-16,0.5807844024933914,0.6748154221392879,1.0103253487384884,1.5396058597645004,1.0800994115060065,1.4370011023572176,1.2771030253554487,0.74460830268782,0.896643466432371,1.0804221770128828,0.3921082023858242,0.717209749217063,0.7059348258815918,0.7692476757096144,0.7712139032653169,1.2186024008755791,1.1192679398429846,0.49734807811874093,1.2406071020529865,0.5313562807725627,0.7127346277516255,1.2500672686728533,1.2008660055788343,0.37343568169303754,1.306136686528584,1.0928151339400332,0.7767647740806399,0.9493343312157824,1.4522995075355287,0.4743810446279041,1.0606591790476256,1.2804817582323127,1.0846105645869533,0.3515277904128342,1.3849687132176252,0.6997548715880053,1.507711604910695,0.4294723360511158,1.493044652625472,1.0620325823469035,1.0591370756693488,1.293405636911296,1.3921190174762763,1.3461636072240484,1.0522788633164204,1.1755262135058968,1.1084997559936849,1.2910597465254685,1.026589694130125,0.5584422929763503,0.6345712959721387,0.5047208106179545,1.4947933674447735,0.8645733774423539,0.7033383357218324,1.1536827112767836,1.3013024911577882,1.22229891419898,0.787583412169103,0.8970871490226696,1.2397519568830622,1.220083894202478,1.5537075365567516,0.7476089528151753,0.9194669901665143,1.4480263001878482,1.3224896897451952,0.43703610241654167,1.1400875762478264,1.409210414134722,0.4036977491391137,0.8053914738360871,1.3410345155191183,1.4875993646503616,1.2444513660373133,0.618678901713968,0.9789781890402145,1.1127416500169676,0.8494204026612187,1.5104052393965524,1.5352378630346413
chick,0.9107589354189025,1.253294017807585,1.6292257499673846,1.3577831982973838,1.123632384684188,1.6961726163893482,0.7752753294925427,1.2567403152638563,1.374521925580925,1.6605242385514052,0.27031189789703625,1.3794554674798696,1.2675977169686936,0.3992673540849857,1.2271458696452862,0.5807844024933914,-2.220446049250313e-16,0.7561319554655337,1.359549975686194,1.3962901949838584,1.2471051935104642,1.6366911658398182,1.319121724207233,1.165081163990033,0.9580769653744166,1.2812444069655917,0.4757057974817549,0.8602192379547631,0.9283652765685528,0.6382208077732593,0.6516708722189761,1.3295220802577807,0.9596519166008137,0.5086367874329242,1.1196867002611621,0.6560332261032977,1.009351061945581,1.3767528465407264,1.5046060521661884,0.47393772759224073,1.4122701076398507,1.3640318034678673,0.9522166549445484,0.9650436642361028,1.5434506564240946,0.5676197522995314,1.4323777289693405,1.0994654445161722,1.2916299738927035,0.41208608353518905,1.3964543233507194,0.9744562735526615,1.3809449570484855,0.5653223736986661,1.5461259375815364,1.3981008501016625,1.0625818389053852,1.4891759492277794,1.6014783922030715,1.4589827287922925,1.4716967438073485,1.2466962667718593,1.3459138787976415,1.578214706879208,0.9863381817000292,0.6305283517725775,0.6075914590235063,0.4710363085066994,1.5259006398154182,1.2995246746463422,0.5809772753916376,1.4014894319160618,1.3186357066335246,1.4601567096154526,0.8844010301276878,1.0901588904530115,1.0994361172333305,1.1371427280520476,1.6141113323563445,0.9588995445769135,0.8100783047278977,1.312754271941244,1.5630875734479177,0.4710933833676759,1.2196725408390554,1.5694594591501358,0.3851349169496159,0.8509112119845635,1.4794859250326826,1.6013006427552745,0.8077306005641981,0.6629590115208136,1.2045470268286063,1.2070112618945334,0.9894231216981828,1.6328745349464167,1.7262175369168091
chihuahua,0.6795634482669459,0.889265534493183,0.8785022998945092,0.7214438474173566,0.5899241644702072,1.035156138372228,0.5659809182995378,0.5552825467125275,0.8193229037734383,1.1982193259189755,0.7687279552432633,0.7645058544653714,0.7411541819605395,0.8092429874571143,0.6823430248156488,0.6748154221392879,0.7561319554655337,-2.220446049250313e-16,0.6564617172302398,0.845547975458365,0.6910583309484905,0.8644661461285129,0.7654568053247894,0.6223333695139426,1.0382664692131731,0.7370419979742135,1.0285357754166093,0.8714622464255501,0.819032635762577,1.3197711209204401,0.662179305158368,0.981118655422854,0.9796028374363172,0.5193165321043607,0.5484328321375354,0.4257410859371322,0.9002874782543268,0.9360833209403354,0.8129861954515847,1.0242341264588728,0.7649850740968828,0.6734510189375976,0.8952856857142629,0.7109743190039082,0.8942930330793681,0.7572850449519747,0.7127124327966907,0.6723801106183153,0.7054315109064335,0.7076217491901421,0.8640673024260545,0.7242192067381699,0.8105825841557801,0.5120752873543155,0.8742891924354297,0.7316396153425959,0.5731876301687856,0.7338599051496687,0.8970720089702904,0.720553338043803,0.8147581665495955,0.6518834114957648,0.9280504724616058,0.9056420006263549,1.0354267920925126,0.7928638729020161,0.5458987718594964,1.1877082002714416,1.03388015789134,0.6086972445240592,0.6568452484392879,0.632915257102501,0.8847188842741999,0.7109258257140734,0.7481718294361546,0.9069719728617048,0.8327275298311541,0.5948612021199957,0.9501971977444971,0.7524416683206128,0.8356448622560831,0.78691598950899,0.8427432183870125,0.558973462163754,0.6334328720945829,0.9738746685336971,1.0114693951264453,0.8395018489538066,0.7107794396823093,0.8832844123780909,0.9942575256937457,0.5716772762786454,0.9991655179202946,0.6350393636160079,0.8761071058509868,0.9400514749001715,1.0631841848397359
chipmunk,0.7407699096644892,0.6635445667808173,0.41037348766726756,0.3617391316334193,0.47694284445042123,0.3735288639624539,0.820195671908803,0.3957413036038214,0.42188209383361885,0.4761300701311326,1.327283064506312,0.5054131339134709,0.5092019878055676,1.2344141268437376,0.4870167326060607,1.0103253487384884,1.359549975686194,0.6564617172302398,2.220446049250313e-16,0.5120883498546649,0.5316569815600294,0.3478072920558831,0.5749111146322249,0.4361907037107977,0.8275965672543992,0.49837209805201776,1.3787929374408157,0.9135414863471522,0.7401278793990156,1.4911071872509498,1.0902989667785052,0.7768323518182241,1.0854498684885707,0.9466005656223924,0.45647221953808803,0.6849544777925594,0.7340212667651438,0.46933610382597535,0.3210299405446584,1.4020513731627668,0.3699042128113521,0.3277646709354527,0.830811566911508,0.751393052310624,0.38112602811502894,1.1120355219162268,0.22670702803297105,0.6123653544225995,0.4175327165286057,1.2626438868870604,0.43889992902697783,0.6258833636424078,0.5606566999107188,0.8026343762740591,0.4395009173401311,0.3756557196699726,0.5689378814378354,0.43647246234663606,0.449582117898501,0.3469311606430775,0.3496772212802448,0.4414062440069727,0.7111433344831847,0.36030941608605827,0.9498673587051393,0.9074385185734968,0.7507370384904102,1.514964663322027,0.5698632607513666,0.4047917787915404,1.113440429507645,0.35357138430166646,0.5832973509399108,0.46963829116118927,0.7531586292979019,0.9172144758983685,0.8046601584704272,0.5699494506621592,0.5548615123056198,0.6367083284308057,1.1581191974611829,0.4884982254235083,0.3126654606977328,0.9236789920385297,0.49165343177926746,0.4617560576576072,1.472445636933048,0.9875510346801638,0.385009263519291,0.3970191133760085,1.1290421233149546,0.9307419843244928,0.7590503186939145,0.4589618643485791,0.8821386397873806,0.4305433681971216,0.562404846528696
cobra,0.8321757676657429,0.6576887627624066,0.3443015905398742,0.5620480106943517,0.5801172013955254,0.41370172629888735,0.852496658385571,0.4561194737679767,0.39199509492286644,0.5294735139741351,1.604189706663439,0.3096228145929949,0.34606479756986874,1.5830644810700338,0.41167346101987623,1.5396058597645004,1.3962901949838584,0.845547975458365,0.5120883498546649,0.0,0.5488039960806377,0.23762776808317942,0.33606836918183747,0.7204431779493992,0.9986849543593154,0.5915367397640192,1.6895220983037467,1.1311875830366973,1.0825985535404656,1.5906048087329299,0.9575394714789828,0.5827788554721778,0.8127895794935318,1.1235710051878196,0.3311242231782954,1.0600649483431404,1.209532675803984,0.50113311491018,0.42179843249507976,1.702701147842126,0.31687051217812734,0.42561083810255884,1.096145994297362,0.6709901512311695,0.21391571373672102,1.4113960798111138,0.4794461631787359,0.35351263604752337,0.5091268839423582,1.4385617052269493,0.33752734024382314,0.9975105987523174,0.2074181795609994,1.1351728243742905,0.22740188632671454,0.4945444742479064,0.46028582605323975,0.2952393598329446,0.29556790287683987,0.26867888200602696,0.5960673198223113,0.3768492675146832,0.685041588862161,0.4192701164439796,0.9754342413990392,1.375632696349733,1.0139039217146835,1.784594858162278,0.3799555017124353,0.693467254870157,1.0408289422681234,0.34658257867323294,0.5067628409630273,0.36107071472659347,0.9494270394831018,0.9501865646236471,0.4951607195030897,0.3805023717820418,0.23305901487875058,0.9768157328327864,0.9624472721330465,0.2759793542586254,0.3344368424692997,1.2389321455950724,0.38043358119778414,0.3339728513085235,1.7586557604229698,1.0405212883679797,0.25246980971658495,0.210211668890241,0.8905644045776253,1.009036701114474,0.8387674251292563,0.4177304232010034,0.9589651733958287,0.2389042648017181,0.32270381427612804
cockroach,0.680364243937712,0.8416899353146203,0.49872244420803435,0.6617100254421173,0.5929522547831371,0.5889545978431071,0.6840602642224684,0.3040920434214258,0.6014192073628406,0.9393915900826237,1.1543973888562349,0.3666502734516417,0.48429889689967753,1.0559518105910506,0.3680185478090283,1.0800994115060065,1.2471051935104642,0.6910583309484905,0.5316569815600294,0.5488039960806377,-2.220446049250313e-16,0.47469114475003016,0.3347778676655747,0.520340794114053,0.9690043953431128,0.7979515783751112,1.4093503723372853,0.6749551434846062,1.0028865154296192,1.5812744289979426,0.5483360681773253,0.7618009744856448,0.9884511931606937,0.6170425115478041,0.519188980429229,0.6781516559962472,1.176821665029903,0.6340867181168963,0.5135617046691157,1.2876237482240431,0.5131959404298791,0.38559264805264293,1.317967171399441,0.5841861281533984,0.5177183822527673,0.9986968103573233,0.5696576516764267,0.48916748701831947,0.4624278568548802,0.9052688096842724,0.634141945253759,0.7904425702205505,0.4065970211373816,0.878959488925229,0.595613022912461,0.5843492958376817,0.29883454533164977,0.4479811771971933,0.4546163002055329,0.46346487425160343,0.7263879091697607,0.632890236435028,0.8268358468358687,0.48778589420238194,1.1765848336627411,1.3117095822624023,0.9817111304035095,1.636075424708881,0.6630185632659247,0.6298426469952845,0.6369242018602006,0.41804121182382414,0.902563400505661,0.4077974101049743,1.1080760899363495,0.8551274556067601,0.6043615807472451,0.4807169062831844,0.4881755093698772,0.8306849066303204,1.061968514556915,0.49015901287601993,0.5212600911387018,1.046558183862957,0.30220345696187034,0.6010498292816139,1.496889411686675,0.7299711258358218,0.4798932120725079,0.4904716996864772,1.3186778869427749,0.6315909896668167,0.845739944860066,0.4182527985247252,0.7488275739409924,0.5773238154879394,0.5112486884983285
