,aardvark,alpaca,anteater,badger,bat1,beaver,bee,beetle,bison,boar,bug,butterfly,calf1,cardinal,caterpillar,catfish,chick,chihuahua,chipmunk,cobra,cockroach,coral,cow,crab,crow,deer,dolphin,dragonfly,duck,eagle,earwig,elephant,fish,fly,fox,gazelle,goat,goose,gorilla,grasshopper,guinea_pig,hawk,hippopotamus,hummingbird,iguana,kangaroo,koala,ladybug,leech,lightning_bug,lion,llama,maggot,meerkat,mongoose,moose,mosquito,moth,mussel,orangutan,otter,oyster,panther,peacock,penguin,pig,piglet,polar_bear,poodle,possum,praying_mantis,pug,rabbit,racehorse,rat,reindeer,rooster,scallop,sea_urchin,seahorse,shark,shrimp,sloth,snail,spider,squirrel,stingray,swordfish,tarantula,tiger,toucan,turtle,walrus,wasp,whale,worm,zebra
aardvark,0.0,0.6756785562630969,0.4378247191858947,0.5628910625224118,0.49433239486140423,0.6311334691723571,0.8244714413766352,0.8072422314903933,0.5669430283479142,0.3565892303786269,0.8308335792023049,0.8653022042938652,0.5410375989658183,0.8687610083166875,0.7931918815706336,0.6296970096003958,0.6905048393051876,0.6035095986779883,0.5950405139701822,0.8144562527651058,0.8434340987259351,0.8393129356363138,0.6427181394633223,0.7849239811715227,0.7482446012737973,0.5252797178105304,0.6921151835612025,0.8786023796805184,0.7634579327676609,0.8162960275390051,0.837102335257747,0.586540538330341,0.6934597934600716,0.8799527769208244,0.6535665513957202,0.6590056303459453,0.3992140783119493,0.7398537955206939,0.7661014142082042,0.824969907568044,0.6992767465495396,0.821221370387392,0.39154989250129923,0.8235804419599075,0.7129301334955375,0.4648328734605498,0.714031439545997,0.8680237874582075,0.6879149432461842,0.7913764478060018,0.7455158768167128,0.6311070190003651,0.8204484560211615,0.6973300629057138,0.5352057806963701,0.4109449390935067,0.8772625521957469,0.6767325824386294,0.8028417203277538,0.7969677659277525,0.6969941836707714,0.7820979484491495,0.6503133327185531,0.8073921779534798,0.7357242306461556,0.2902870819298444,0.24443776077176316,0.6927147786291907,0.8357097323579752,0.5953330137851803,0.829331360182713,0.8306993752702427,0.5202354898702922,0.7423147655793352,0.6060062821961529,0.5246701851200075,0.7846400132854374,0.8667494968027819,0.8457833184960347,0.7396118582591813,0.7514289883962926,0.8351959578211047,0.7047203946342007,0.6835845264914817,0.9103762789618209,0.613843691302747,0.686967815341945,0.7107832058070674,0.8137062235250279,0.8382702712193182,0.8410690245049933,0.7390568511058309,0.5886063167984259,0.8769650471745696,0.7446878587011392,0.7579400804922205,0.7638981642223488
alpaca,0.6756785562630969,2.220446049250313e-16,0.5527674186011651,0.7644296539093588,0.6991852788835784,0.7494166943396827,0.8643466308725889,0.8848318799859388,0.5213096215370074,0.6781635231727992,0.8775539507063345,0.9105046241680864,0.5144917602838331,0.9005059679351842,0.838495365324109,0.8623473642280703,0.7549898196991764,0.7558155419836876,0.7892452930432459,0.8116808700081046,0.9215030286966736,0.8179400655637596,0.576977930025609,0.885246969875918,0.7933711956067346,0.5916360884472417,0.8484420917892471,0.9039707882795971,0.7657330899408056,0.8429592416173483,0.9019151599653434,0.7573051155684929,0.8585793213901978,0.9089655430531317,0.7548333233545318,0.7053486924466363,0.5036649736974846,0.6719870462724877,0.7561299542456812,0.9027989446116602,0.7965157400642775,0.8320143519304846,0.8121810472428985,0.8503451475524052,0.8519684746937409,0.5277015283409864,0.6908436584484602,0.9003297604128099,0.8486275202156202,0.8610503886843315,0.6475711420689412,0.19567856423304775,0.8744225055540126,0.6614632330456468,0.6634776374430272,0.601290842464933,0.9109685796103597,0.8017572624123648,0.9004120934970035,0.8093488784063996,0.7647027859354409,0.885342218626214,0.7186765383198069,0.7526697673381825,0.7064704548481855,0.7105789734981232,0.7154500646948111,0.6440515523499615,0.5186695711474818,0.773059541433075,0.8989788424327101,0.7848481403683338,0.7227215503474448,0.7153213274699052,0.8297740067015603,0.5585416717600333,0.7833489853660552,0.8762666475222981,0.8784802701940163,0.8230921264125749,0.8819925070450385,0.9035573751841436,0.7696410738802505,0.8533965646977548,0.9161880338153849,0.789741638103383,0.8595921896090436,0.8652608064174665,0.8735675258559834,0.8015218831760882,0.8774360936763771,0.8790017649609861,0.773531195203018,0.9081215141588392,0.8039693481726005,0.8751623156564112,0.7049166714235504
anteater,0.4378247191858947,0.5527674186011651,2.220446049250313e-16,0.3690389191372303,0.5277334938821123,0.5777407722295409,0.8017463651542025,0.811745964949587,0.5347085362332344,0.44100487622674134,0.8127181646034759,0.8503687752793667,0.5676346331331275,0.9038549507878062,0.7480342068605503,0.7181294947192106,0.7533750174516515,0.7548593781653792,0.6686422885716391,0.7645714655006395,0.8770701493043473,0.8358221481596296,0.6320847084226404,0.8289802666774737,0.6655878353448514,0.6188628652763639,0.7602567911802263,0.8394363504684819,0.6895834499449721,0.7805589941987647,0.8419540949328387,0.6272553956919167,0.7751293894763798,0.863746559115983,0.7010061396909615,0.6996944690765405,0.5568440753570945,0.6533439884042038,0.6087469573302379,0.8414190854264018,0.6972397809485735,0.7787305783388432,0.6026813653856451,0.7643624387052905,0.771150971066498,0.5280186205572971,0.533108015571865,0.8536918395514046,0.712597458098049,0.7959548481071412,0.6772925658613289,0.5334308594821172,0.8549377616827987,0.6108298847856091,0.5690471600286016,0.4947273345459857,0.8767242499826138,0.6947354693772047,0.8021293461125395,0.7597776962148297,0.6273243405696701,0.8098342626683743,0.539855550051465,0.7663943799049928,0.6082020421628616,0.6284761503400151,0.5265603761082094,0.66339756053883,0.7109770032173768,0.5651729286221049,0.8576245025592423,0.768611948612429,0.6798970294059035,0.7515889951363574,0.6979328418785267,0.5984876438945564,0.8432773237410904,0.8610000308665884,0.8601065131954544,0.7909443316770766,0.8235973913118352,0.8347760439518432,0.6071524641850932,0.8107388339613294,0.8989763608219089,0.6798104148115979,0.7410921394663439,0.7867177355805279,0.7824565141371609,0.7248400540968285,0.7933492232495667,0.7786693081323562,0.632461562580188,0.8477551889186832,0.658768986366645,0.8129755900878818,0.682994237006322
badger,0.5628910625224118,0.7644296539093588,0.3690389191372303,3.3306690738754696e-16,0.6168882725576079,0.6181434215197668,0.8025901322153948,0.8417759260580515,0.7291942392889812,0.5577896349160207,0.8267528398299208,0.8778125499994971,0.7065357812829027,0.9077539299634456,0.7641619295697367,0.7421325341390457,0.6980028165192635,0.7496825488989676,0.5976527439456973,0.7775786193926064,0.8949393431934587,0.8645446851595193,0.8037839413207669,0.8576643465467958,0.8050338974259621,0.7463116327276709,0.8381217900874949,0.899207290648422,0.7704703809970721,0.8097904007901748,0.8522898041649082,0.848632322396411,0.7788445758270439,0.9043952778189951,0.6406801822116662,0.7474475935904431,0.6821906314479129,0.7319661707747631,0.8830983169023645,0.8778297107312357,0.6150764694131705,0.7798299097664256,0.7930536921163855,0.8027986316226474,0.870797745639921,0.7430299527662558,0.6360584930982822,0.7758777029380752,0.7538863653316822,0.8204532063069307,0.8617810331300899,0.6749109346195926,0.8783872692371951,0.5534692371967433,0.48500439860748445,0.7013769033562492,0.8815746980240495,0.7639803222804685,0.8592953637590685,0.8876100845093381,0.5604214938840084,0.8250932884829246,0.7838015732037633,0.8703901455964598,0.7393813832720877,0.7216804667287164,0.507413778634833,0.7314171833829108,0.8462750844796415,0.37081824476385905,0.9051305325924038,0.8715819211189991,0.7135368248383537,0.892147598139457,0.6332576533204857,0.7272552243239399,0.9021855803788932,0.8765023371299393,0.8356244396617105,0.8348975245448673,0.8415904700502734,0.8533882666982526,0.647651650626331,0.8450978485548646,0.9132272582234164,0.6741853261171956,0.8450162130678891,0.8559736039437305,0.8125496926083299,0.817487316209551,0.8402636023443425,0.8401679094416185,0.7615666768230865,0.8589484148487473,0.7718647754700985,0.8162442016081491,0.7602666302275122
bat1,0.49433239486140423,0.6991852788835784,0.5277334938821123,0.6168882725576079,-2.220446049250313e-16,0.518989984735546,0.48448273151866394,0.6119503462253061,0.6940656347689096,0.6366439515649711,0.5504049456807416,0.6816366530083265,0.6314597310619041,0.6085272262186103,0.5774400673522071,0.569648579797827,0.5675390406362845,0.6112796317133754,0.5036657297909054,0.7544893745806592,0.6301968396645112,0.7975649119784542,0.7211451561486486,0.697653524697944,0.5454543471031138,0.5714574963513501,0.7037607211027298,0.5996057667856938,0.6445643011135664,0.6747468467409801,0.6272038691173714,0.7686594845483222,0.6512430674623052,0.5792553769503269,0.6626680642277065,0.6520548306728269,0.612057058413298,0.6866352690284561,0.6936708977864607,0.6424950609343055,0.6267704944557688,0.5843526530220227,0.7001904504097922,0.5189456781676077,0.6843422808672672,0.5433511890500837,0.5292406648445298,0.6683836750827725,0.6213034407573336,0.50782240227131,0.7316663269420862,0.6472188888947894,0.7971144961388823,0.5256405342353025,0.513048494177145,0.5372422346435743,0.6296848196273093,0.4580785481285924,0.6358713172979142,0.5857302714803937,0.5774930364972299,0.7183910589524651,0.5667771029758886,0.7433441521910982,0.6467833071282715,0.7066461026633983,0.5523860227392776,0.7569278248733309,0.7406495443109608,0.525356817754449,0.65371178787208,0.7752715129814625,0.6179268476933726,0.6537796391292208,0.537197539989929,0.560572207214361,0.7435226154551969,0.753983516499921,0.7226971014011032,0.6208143988766732,0.7413378670916277,0.7875089366578427,0.4806386514457358,0.6180993023234296,0.7130670587326273,0.5195984301223029,0.6611363583684091,0.6136213734840213,0.5996933914911382,0.8203637511450105,0.704641891800406,0.7278597292759437,0.6561187810260535,0.6323985276197217,0.6611007031926702,0.7635188773322409,0.78880963257508
beaver,0.6311334691723571,0.7494166943396827,0.5777407722295409,0.6181434215197668,0.518989984735546,-4.440892098500626e-16,0.7366863557973904,0.7956952871936325,0.7025270327292574,0.5040417269977813,0.7587328029459617,0.8337461366535176,0.7321037075005432,0.7874918495269808,0.6894566203377959,0.6807174620823898,0.6597660114482256,0.8586771466723054,0.48903954701122554,0.8241626502113537,0.7927691201829874,0.7582232226007035,0.819944857313309,0.8229729244692999,0.7073041503647042,0.8184893480864077,0.7591042768349998,0.8308434225170833,0.6608366513843013,0.7840995552524956,0.8206123735248502,0.8121895169099952,0.7645128642008315,0.7772529169664477,0.7368825664639033,0.8802072618842461,0.7577147552344663,0.7563473057563499,0.83040422769611,0.7931744947056489,0.5073367475387061,0.7300156596143466,0.704554373358436,0.7931680175932395,0.8392227023919945,0.7667913468599198,0.702970409913569,0.8325555423027782,0.7499061114837219,0.7788121389114968,0.7748055415863582,0.75864137148844,0.8120522237153284,0.696120037994298,0.60189356292515,0.6746435699186251,0.7682740066079936,0.6664971990802544,0.7768453200950223,0.7687147456562627,0.31296692004081317,0.7590400266905188,0.7237347407614485,0.8275043588796593,0.7843159592623932,0.7378930935732224,0.6314950617380324,0.6794152471643669,0.840668262341825,0.519389308995448,0.8382220362284725,0.8939208965583404,0.6755338087126548,0.8587803444798294,0.41389294742237337,0.7945634709527298,0.8304439173704982,0.7946777074727893,0.6689924170267465,0.8183356827719903,0.8099918779821532,0.8078675359333845,0.680223318643068,0.7741603181170049,0.8254765250845154,0.5251924144940416,0.704866616217179,0.7926596324087916,0.7497870904244014,0.8779639692197774,0.8852865578031397,0.767616863095566,0.6313804998307828,0.8237246216477287,0.6670344985066246,0.8408452601742114,0.8874506183268329
bee,0.8244714413766352,0.8643466308725889,0.8017463651542025,0.8025901322153948,0.48448273151866394,0.7366863557973904,2.220446049250313e-16,0.5475774109108958,0.844443872625876,0.8174802136960684,0.4084320086026013,0.5680823745575936,0.8111284022117493,0.7754681957368152,0.37514689084524777,0.7582059162200117,0.7499093655572998,0.7424029955605871,0.6865598025529984,0.8132228507883812,0.5572637551451789,0.720953829145186,0.8309775848409287,0.6713674351629131,0.77431168744968,0.8005741668541686,0.8819431941064102,0.4904287954899851,0.8010588675617828,0.8201159689336195,0.3908875166408572,0.907773570124871,0.7030748129377333,0.40642905358280534,0.8151127194282001,0.7776986942061068,0.8461631182723626,0.838617293325834,0.8549499438754069,0.5529424670555432,0.743325420011721,0.6836094730067739,0.8942324342464656,0.6023029589035249,0.7908718790348677,0.8150517210018073,0.8321426291530639,0.5190419509330999,0.6853313849567815,0.45210951653168485,0.8285293119414348,0.827933599877398,0.7380764206334642,0.7338438014699091,0.7721759577552239,0.7836173417779289,0.4651675173540273,0.5484327164019716,0.6327143055364128,0.795551271210213,0.7513523550533386,0.6990696601097481,0.7857545757991866,0.8331647850121385,0.7950903144700325,0.9142409528163566,0.814284364279339,0.8782569573306714,0.8397381230585841,0.7704705432407375,0.6796836914652142,0.7400015151698678,0.8231104959602205,0.782280545659581,0.7963940976038388,0.754147548546321,0.8212601340812166,0.7322413613141574,0.737945072767531,0.5951861311010231,0.8655532776786691,0.787944113241507,0.7546150796042537,0.6337803176315583,0.6341181500063577,0.7425453231900443,0.849921013554453,0.7856193060997037,0.4789514305106207,0.8185224865198522,0.876382456212413,0.7468237177457945,0.8429410727580524,0.24781080111822773,0.8212832614715062,0.7781752492919417,0.8558052606094265
beetle,0.8072422314903933,0.8848318799859388,0.811745964949587,0.8417759260580515,0.6119503462253061,0.7956952871936325,0.5475774109108958,2.220446049250313e-16,0.798673963084261,0.841999668200932,0.25228847721390346,0.6343175341640923,0.7821134006333345,0.7777786301542509,0.5505560561432391,0.7249240987298862,0.8331265449630105,0.7969113207243063,0.8135755959574287,0.8746562366003443,0.2825594458517039,0.8184447909238135,0.7618346419184768,0.6109425197467442,0.6924840982382755,0.798155035398357,0.831350544413237,0.636772929304514,0.7757429052165249,0.8690923079620949,0.31057151383099113,0.8802103390850551,0.7368699687043114,0.3897178355272599,0.8656455304954032,0.818615138755469,0.8232396274671733,0.8257642935467778,0.8975850774966894,0.5348272865335721,0.838309353245398,0.796960789101175,0.7991177076242115,0.7232506834998127,0.8069416238541067,0.8271190994698329,0.8815382596793415,0.45356428161639606,0.5892830542505654,0.33501627968416203,0.9340586863667194,0.842375508495516,0.7969024504458101,0.8669746363088123,0.8107637760251354,0.735364997875264,0.43034249184208617,0.5339396484506254,0.6450512316156111,0.8672230846012128,0.8384453596418624,0.7579409098759831,0.8007524659822919,0.7632082381963158,0.7497564007398577,0.8642506236958789,0.8335041338873787,0.9028176512000893,0.8611349056246865,0.853808511971444,0.6443276275089878,0.8242145926386132,0.8586448982431142,0.6844886388190463,0.8603489590497404,0.7279072042827706,0.7814155088903691,0.8250404707024779,0.78276888849588,0.7451004503340892,0.8393856025284488,0.8336876333894851,0.839513378070467,0.6293388912305187,0.6760558843860852,0.8433124762376099,0.7573060091582544,0.7724715286068361,0.7486996361311842,0.8985533359985298,0.8126545600542576,0.6989383808741056,0.7967327722411758,0.5398751903157604,0.8148468421531923,0.746794157745614,0.8734105879859391
bison,0.5669430283479142,0.5213096215370074,0.5347085362332344,0.7291942392889812,0.6940656347689096,0.7025270327292574,0.844443872625876,0.798673963084261,1.1102230246251565e-16,0.4413176925673432,0.8321509009658362,0.8962390875041459,0.4205455993681865,0.9311613394806163,0.8062697591462962,0.8209148831869902,0.8425812962289874,0.891468799097922,0.8690454138515737,0.9148915855281426,0.8712558665595839,0.8415437029167326,0.43964785387619854,0.866547622877387,0.772402890930912,0.6700219076971758,0.8789497963101034,0.9237185408056999,0.8300432115117802,0.8105450231019369,0.8511976400299548,0.6387735189379447,0.8520931370868737,0.8840987280573047,0.8439337447483957,0.7961501188700184,0.609201755930481,0.8148001538264501,0.6779719749782745,0.8834772458261088,0.8127521202576804,0.865553751077144,0.624185786801106,0.9248493620637768,0.855767620347347,0.7213366811052568,0.7730465655407817,0.8745953023735688,0.8501627562789213,0.856351172299503,0.5990536429372313,0.626489839940719,0.9016272441555062,0.8716767817730018,0.7987414887776016,0.32020056244366113,0.8812564275756487,0.8146242158460056,0.8927358286453169,0.757373497326889,0.8318090429967127,0.8770109597653468,0.6341663665918674,0.8431012454016529,0.8175282495495593,0.5615831794278123,0.6594729308539001,0.7476178586667726,0.7633775145250825,0.8363357669500382,0.916152217474967,0.8186680679547564,0.8371008427066571,0.7240777939403416,0.866243693994593,0.5070896952912227,0.8360828754694114,0.9254253628898532,0.8681845687643986,0.841448799480479,0.9130578031990639,0.9252917393540567,0.8013915036423641,0.8639756561492431,0.9110375725818843,0.8571247758828211,0.819500912438716,0.9148154355912619,0.8632695593380243,0.8241682413640221,0.8767188326199412,0.844983031235912,0.6891648941730768,0.8702217182152597,0.8486819947544051,0.8910917934955895,0.7618945032491027
boar,0.3565892303786269,0.6781635231727992,0.44100487622674134,0.5577896349160207,0.6366439515649711,0.5040417269977813,0.8174802136960684,0.841999668200932,0.4413176925673432,-4.440892098500626e-16,0.8199356187361787,0.8659271313191961,0.5838056281692048,0.9139266793795727,0.7563900409454831,0.8048227399938284,0.7558168022383149,0.8046492986698297,0.6609205843688273,0.8682005762751066,0.8871342439460268,0.8298562241476365,0.683085679588094,0.8357575955882788,0.7815830027656969,0.6926015776367616,0.8750172294908631,0.9029580881651527,0.827567693570299,0.834858102837426,0.8677423211901871,0.6876421881025636,0.8218565912948178,0.8803975828053927,0.6231994417192399,0.8334233103489029,0.5801005481652808,0.8235557841111695,0.7969327595329239,0.843262485670784,0.7206381992748134,0.8209675396307882,0.6208143085440783,0.8895473597795344,0.7902273708925652,0.6262865668606745,0.704700917539015,0.8797399881391926,0.7780130678828915,0.8631551622672892,0.7089666363089355,0.6845637914239391,0.8487323864631356,0.7144091806839084,0.5628058100042588,0.4298790944868124,0.8684241913517631,0.7672408420180692,0.8704263073597118,0.8295793024843808,0.7044193154625515,0.8337576229502796,0.6364306950492906,0.8337897272251904,0.8266901696345295,0.4302941981597269,0.40443608169657297,0.6915436719488741,0.8363463226296473,0.6056872322510162,0.8957542775559594,0.8641045583987137,0.7444859986786001,0.8459564279049488,0.6448415023804739,0.5977116623600407,0.8511642855256223,0.874859144311278,0.8465761360545847,0.7884954818118506,0.9038384999277412,0.8564569986656311,0.7402759393846041,0.8181083265085615,0.8782241278327664,0.6718060115916217,0.8342092585105626,0.8952469094735904,0.7945243620075139,0.7962501342705525,0.9144375396646817,0.8089232160980102,0.709437043160503,0.8567096279106584,0.8072160383275611,0.8132995023323963,0.7925666382196628
bug,0.8308335792023049,0.8775539507063345,0.8127181646034759,0.8267528398299208,0.5504049456807416,0.7587328029459617,0.4084320086026013,0.25228847721390346,0.8321509009658362,0.8199356187361787,0.0,0.4456638033520829,0.7733653047630155,0.7277702220782294,0.35833229148540846,0.6837987065160762,0.7846916075058232,0.7872720373818836,0.7442220013754175,0.8283230222096544,0.28367635560550053,0.7951662744426531,0.7766690778303077,0.5836486956086022,0.7149820207893542,0.7919751453320603,0.8741315668268859,0.4614116680370307,0.7924794352266656,0.8314600154369313,0.25999959221768687,0.8951045675994778,0.6966172791494167,0.31896519182084726,0.8166929717730499,0.80852553451994,0.8320137848249439,0.8444794152302799,0.9106406147962062,0.26196716583371193,0.8052184371755184,0.7028309623622877,0.8683650778914327,0.6125071490765083,0.7532615411584094,0.8101801703891243,0.8469233715119702,0.33050444625213604,0.5737506395138112,0.19220048471820428,0.8942944168093927,0.8332067290366306,0.762270394204578,0.8213503685663985,0.7800113533777153,0.7733912443544964,0.2308024851869116,0.3539409439311193,0.6944194187344634,0.8798644165062661,0.8121015052926515,0.7673264637043141,0.7885078181038294,0.7839987382427723,0.8037117604747412,0.8832383191206798,0.8362984092316068,0.8976580381456938,0.8454115503166968,0.8210845626105931,0.42107587340489994,0.8413869519806468,0.8248357304636993,0.7013463186177968,0.8211101174925773,0.7607445498233112,0.8175093105883608,0.784535341808937,0.7764522659151996,0.6365371537858411,0.8462906395170138,0.8053721979819941,0.8005550214906407,0.5653518824112354,0.5650967247402294,0.7937515180888851,0.792615722298996,0.7449874360490152,0.6997515960756213,0.8325239263445667,0.7921998146202311,0.6808507099226999,0.8062515211450276,0.3572342925493631,0.8002582174869234,0.7503644953923172,0.866773773891774
butterfly,0.8653022042938652,0.9105046241680864,0.8503687752793667,0.8778125499994971,0.6816366530083265,0.8337461366535176,0.5680823745575936,0.6343175341640923,0.8962390875041459,0.8659271313191961,0.4456638033520829,4.440892098500626e-16,0.8156774127552305,0.7315291189598315,0.36527039771213055,0.7860280457433035,0.8458287184643319,0.823129174716321,0.8311055861044317,0.8281431335456463,0.6649366299092803,0.7617320255192281,0.8239572546349221,0.8440144818987209,0.7888867078971563,0.8424447554241792,0.9195870844379501,0.5568160136164684,0.8521151579820831,0.8407747624695778,0.6224012957752039,0.9126123661933015,0.6607704770684978,0.5856976505473793,0.8413765787198042,0.848349874446304,0.8719838966683423,0.865056923272116,0.9274874094723841,0.6635264450173182,0.8233137447160169,0.6948284108261578,0.9277088058891044,0.7675282489726892,0.7465147953833209,0.8626295981098874,0.89889532732836,0.4648163742333058,0.7265326209121339,0.5394191389070889,0.887398243300753,0.8770917918801228,0.8669781967861672,0.908162319928727,0.859859778102131,0.8427664602367847,0.6034339604558818,0.48784428014298087,0.7633755427877681,0.8823327584612938,0.8811895919102397,0.8419617487246535,0.7757173532747768,0.7047766445077506,0.8179446604666243,0.9196681669835935,0.8835959571801463,0.9341526168454078,0.8944051327593672,0.8433101611425692,0.7185474206592382,0.8698858371610405,0.8623755313894086,0.7627635631289791,0.8793990368277316,0.8388600090278124,0.774079651328394,0.853437434614848,0.695795023323286,0.717470599777686,0.9075250998023612,0.8713563645135813,0.8489679546598817,0.7059006538541674,0.7107060807647555,0.8472595237414301,0.8528194160466595,0.8568619914112363,0.8103994556571852,0.7329182332302719,0.8173593531765947,0.6878029691550442,0.8810872588611778,0.502466900246157,0.8822944419058194,0.8231520798822638,0.7912479629322253
calf1,0.5410375989658183,0.5144917602838331,0.5676346331331275,0.7065357812829027,0.6314597310619041,0.7321037075005432,0.8111284022117493,0.7821134006333345,0.4205455993681865,0.5838056281692048,0.7733653047630155,0.8156774127552305,-2.220446049250313e-16,0.8420481840599753,0.7530490849018788,0.7345661068656497,0.7715163720547757,0.675988193581899,0.8051713246971662,0.8409446787719199,0.81289701389037,0.8105662332838335,0.17863633921502142,0.7746156036759233,0.7254435489590738,0.490119137171113,0.7885330623125221,0.876614337752096,0.735086306434241,0.7826533601673624,0.7871825918726498,0.6905764391165008,0.7850442646702346,0.8514616562900273,0.8123496216833115,0.6322872386697218,0.32628250673548176,0.7127921507310673,0.7529337592883444,0.8089387950766496,0.7094101532703193,0.7796062907492034,0.6018524901080502,0.8441155186108535,0.7966840106873162,0.5952263626187632,0.7715690992572627,0.7869170038282809,0.8021543370281348,0.805000994247701,0.5970578294316093,0.5189134963049058,0.797336973975612,0.8442928011957826,0.7702151422738795,0.3108857349912375,0.8394330826810984,0.706014807669098,0.8039446459041392,0.7150899298502944,0.7932301742010829,0.7532579070455596,0.6061444630705584,0.8016312436903654,0.7254287083090338,0.3751134256274732,0.47794609790427267,0.7132892351043847,0.6845784612009054,0.8066359037404311,0.8125879865546353,0.7694204787937408,0.7618599815511793,0.4913445198205699,0.8185854024532597,0.43250651361583103,0.6844910566718101,0.8181906580310814,0.8772125575836278,0.7592891425528634,0.8178096626658099,0.7903677298693053,0.7517880807810162,0.7921409627733972,0.8718244897404426,0.8128296127169262,0.7504247437468785,0.8159647120294982,0.8321241417790725,0.7641760299882908,0.8330305634462318,0.8043798707066763,0.6801279310673848,0.828891576897509,0.7979656363481332,0.7949373974631697,0.6955081453908541
cardinal,0.8687610083166875,0.9005059679351842,0.9038549507878062,0.9077539299634456,0.6085272262186103,0.7874918495269808,0.7754681957368152,0.7777786301542509,0.9311613394806163,0.9139266793795727,0.7277702220782294,0.7315291189598315,0.8420481840599753,1.1102230246251565e-16,0.7536110564238019,0.7961597739455117,0.5835478546313119,0.8756130177746577,0.7518633847710536,0.893270411956778,0.7779872627860526,0.8797928851728045,0.8748244490447474,0.8295861919045707,0.5821036075449941,0.8355955762153705,0.9025772757265462,0.7499422248518559,0.6876320037409964,0.7231008244485873,0.8196634764540485,0.9334419548943471,0.7256477731292843,0.669654188165028,0.7931485527389136,0.8535104691510541,0.8440131956485308,0.79608487277274,0.9176350875309469,0.7970185185197606,0.7207887257466539,0.576171911553734,0.8974102152818232,0.6349983350461856,0.8082590280482459,0.8368599026463408,0.8657746544330666,0.723039483555298,0.8354480889238711,0.6931646263818343,0.8895776492424278,0.8561133369398511,0.8982146913340892,0.8665346282984137,0.8086635177800023,0.862497905352297,0.808891389752973,0.7593893664035418,0.7657526644469054,0.8095635471790832,0.8149122159446812,0.8941802133170684,0.8576939969904498,0.7084918232408736,0.7514156025591476,0.9002489117672838,0.8799555375209072,0.940031167785256,0.896479028851962,0.8129702021655548,0.7499080507010168,0.9125390652682343,0.8418273905212827,0.8064030104186773,0.7611740263357213,0.8611359029693609,0.5250766284016797,0.8233491563893331,0.8420823260468062,0.8122717768680221,0.900317103371407,0.8334006860730048,0.8094218249144843,0.8285217681629451,0.8651159551240307,0.7606870576750084,0.8908602624967872,0.8481735870144995,0.887215039953115,0.8959579383779411,0.5967218098533145,0.8867203174847875,0.8827134981997016,0.803393410565977,0.9032334421461403,0.9016360102732018,0.9274874375928374
caterpillar,0.7931918815706336,0.838495365324109,0.7480342068605503,0.7641619295697367,0.5774400673522071,0.6894566203377959,0.37514689084524777,0.5505560561432391,0.8062697591462962,0.7563900409454831,0.35833229148540846,0.36527039771213055,0.7530490849018788,0.7536110564238019,4.440892098500626e-16,0.6759826793693495,0.711243457937912,0.7914874755397712,0.6897532206511712,0.7052249666061696,0.5667014900357945,0.6425696303896034,0.7614289498542486,0.6642923080062051,0.7528338108156667,0.8077253180871506,0.8613808030300208,0.4197533476368456,0.7802653255619489,0.7587082505254492,0.392961623448173,0.880735940582892,0.605939455003343,0.5180049655154504,0.7332072001684476,0.7748757796113208,0.806696339899427,0.80885942630756,0.863779783639003,0.49226069599835187,0.7299825627344786,0.644505792625891,0.8475854365295599,0.7133679681220628,0.6641421396814653,0.8205037345101958,0.8184423667916456,0.4259509115450175,0.4429506601377231,0.39081189446837783,0.8087533045348184,0.7974973936955723,0.6426145352673263,0.7665696558435924,0.7274290946837711,0.7698851343228308,0.4753844853706145,0.42609031281777343,0.6857542706654874,0.7960541410809556,0.7549334262766042,0.7301229521010482,0.7402257214970314,0.7192261420678951,0.7598375390185999,0.8495796317555478,0.7651095145204388,0.8595204823835837,0.8315585420175645,0.6940082404797154,0.6034119040186241,0.8093218611366738,0.8324007822704012,0.772545175116993,0.7767829986705672,0.7810519247371979,0.7602999318803144,0.7564861726307235,0.5850621392866973,0.4636991728768013,0.8326506444527652,0.7598415548076985,0.7711349904976006,0.5848410587849576,0.574877736465091,0.7220765256202051,0.8139619802864969,0.775411743813266,0.5826036125876972,0.7055419357499939,0.7859217509555931,0.6794328549422799,0.8056093623869691,0.30806907525673033,0.7726718489808091,0.5849636012406261,0.7288733386660251
catfish,0.6296970096003958,0.8623473642280703,0.7181294947192106,0.7421325341390457,0.569648579797827,0.6807174620823898,0.7582059162200117,0.7249240987298862,0.8209148831869902,0.8048227399938284,0.6837987065160762,0.7860280457433035,0.7345661068656497,0.7961597739455117,0.6759826793693495,0.0,0.7311910983732363,0.7884625151986375,0.739200543370703,0.778227085346342,0.6965084984727037,0.6861770608033353,0.75810340088711,0.5900317695521029,0.7380462151208067,0.7173067838169923,0.4537412328558631,0.7124994452738802,0.6192938899219693,0.7415990844745733,0.6741510069562583,0.7794595331474214,0.35087933834025153,0.7525446168505738,0.8281294527309152,0.7358169265457117,0.7433439517622658,0.7431240429802977,0.8374082381322319,0.6931668942185232,0.7874469213310282,0.6710148544113412,0.6183924733489693,0.696201772847616,0.6509890138626994,0.7689505637757237,0.7630559358151788,0.7821382678796309,0.5970444032513564,0.5934828318252303,0.8482067712755259,0.7998486297549893,0.7889381759882741,0.8029153885980714,0.750900492840762,0.7144122879984001,0.726281944414366,0.5170072237406778,0.7175937717168381,0.7952423979122558,0.6691601874559907,0.6839211849797089,0.7371865585303228,0.7564347109048816,0.7338853720282101,0.7294903519613622,0.6747135634284825,0.7936843334795296,0.8673768710927983,0.7537892831952182,0.7102053186755666,0.8505756044423045,0.7701960614455462,0.7580177594843475,0.7432467631744919,0.722746917403459,0.8283006733594764,0.7948549850464043,0.7635028197790805,0.6230586993328956,0.3743973355380593,0.7700684268408701,0.7274669642327667,0.6848182829346214,0.8162652881608439,0.7663819410017476,0.35868646101482726,0.37088193638329947,0.839941810077867,0.8609687030809539,0.8026784850413654,0.5982184212427804,0.5698815480834202,0.7310583889198147,0.5098653486935736,0.7298939861887459,0.8257699894350359
chick,0.6905048393051876,0.7549898196991764,0.7533750174516515,0.6980028165192635,0.5675390406362845,0.6597660114482256,0.7499093655572998,0.8331265449630105,0.8425812962289874,0.7558168022383149,0.7846916075058232,0.8458287184643319,0.7715163720547757,0.5835478546313119,0.711243457937912,0.7311910983732363,-2.220446049250313e-16,0.7166573522946355,0.4918692193554737,0.7890243780948138,0.822426368756703,0.8562770863581932,0.8593029059802267,0.7780522110922392,0.6029490705083409,0.8267305923096678,0.8069889165415425,0.8417766129944628,0.6550019899731601,0.4747624592005665,0.844239789698763,0.8989399277918622,0.6820253090703418,0.7913105659505234,0.643969868075642,0.8313949023797054,0.6555166724310277,0.7012440983230583,0.8545760174383461,0.7979703499126127,0.48604453759373967,0.5007710214478435,0.8417908869803019,0.720366535672462,0.7582980945334671,0.7960869391692345,0.7453539796142946,0.7512080860367389,0.7129065031408734,0.7052385225553641,0.7842203420520817,0.7417840447152142,0.7490201622595313,0.6672272638448364,0.5671787730510284,0.8441639275885786,0.8439729741143025,0.6963665539836221,0.8072993263320385,0.8450058703147184,0.6257339860858769,0.7654864101867711,0.7804560162565353,0.7738648630564477,0.6594416938140899,0.7700240710863362,0.6005625577069891,0.6509507928496954,0.7782767128048621,0.46757579465891597,0.7688527972546888,0.7549555914607491,0.6524994298257936,0.8885724915984174,0.5252840145042994,0.8103212835923282,0.6750679958849857,0.751321979264252,0.8072776104550294,0.704231976836875,0.8171590237191246,0.800362186376673,0.7315580252633234,0.7182358803588784,0.8714216014087557,0.5543543107805293,0.8193451756542393,0.8350140925617301,0.8668129447557081,0.8695151092811151,0.6286477369444277,0.8274854533238871,0.7492336061009679,0.7881796806475462,0.7838546978518723,0.8001315495471562,0.8920265230165485
chihuahua,0.6035095986779883,0.7558155419836876,0.7548593781653792,0.7496825488989676,0.6112796317133754,0.8586771466723054,0.7424029955605871,0.7969113207243063,0.891468799097922,0.8046492986698297,0.7872720373818836,0.823129174716321,0.675988193581899,0.8756130177746577,0.7914874755397712,0.7884625151986375,0.7166573522946355,2.220446049250313e-16,0.68534303947086,0.8006803102544376,0.8338595569521098,0.9124686979020421,0.7832509189186176,0.8553189708653877,0.8123181900706918,0.6323050018810875,0.8129486899226569,0.8176837253107487,0.8167827970414026,0.8810448063227769,0.785300133447856,0.9101068171027746,0.755002153648142,0.8641757104243075,0.7063202993957743,0.6923676104612764,0.5952055536709608,0.7887661815046159,0.8929422371450644,0.7776320005285834,0.796713358638136,0.8294445400863568,0.8255884429781213,0.7773331544861443,0.8047093932973044,0.6490170829438456,0.8261092473969537,0.7896018145914381,0.7841396754883364,0.7611397106177598,0.8869727388302509,0.7064075806196118,0.8312143594989627,0.6561027725719317,0.5632396272643794,0.7571280245872477,0.8638298335918406,0.7716690935463661,0.8127762088072095,0.8864941500038468,0.7626174352328269,0.8236848351276626,0.711815764534895,0.7954416444614537,0.7555796432386852,0.7267781108279445,0.55361664398898,0.7913217568299097,0.7640860622694683,0.7293517225154624,0.7965802306876799,0.6708654086517385,0.6697495983339135,0.7794573794089236,0.7927890612057029,0.7031358229650556,0.810871852910343,0.8153264499230057,0.9107491603424736,0.7917371684609738,0.8458686550208254,0.8418679589569991,0.7662472877013258,0.7694163542821026,0.8956293722902344,0.7434248571184132,0.8374682610903846,0.7913787878369297,0.8671636376830323,0.8897649637002583,0.8251334808863721,0.8541792925145546,0.8663822793438317,0.815135870832868,0.8675670625407647,0.8563466853126552,0.8800393232929342
chipmunk,0.5950405139701822,0.7892452930432459,0.6686422885716391,0.5976527439456973,0.5036657297909054,0.48903954701122554,0.6865598025529984,0.8135755959574287,0.8690454138515737,0.6609205843688273,0.7442220013754175,0.8311055861044317,0.8051713246971662,0.7518633847710536,0.6897532206511712,0.739200543370703,0.4918692193554737,0.68534303947086,2.220446049250313e-16,0.782949378016726,0.7928625337313904,0.8172249302455008,0.8929113901109903,0.7938202812881417,0.7496975337453292,0.7243770440233276,0.8036600438998163,0.8181029754906959,0.7547511809212903,0.8057582699882883,0.8082346375279856,0.9296113866581801,0.7555493576682539,0.7993558001595409,0.5321325650584333,0.7849084658389365,0.711196378203875,0.8259317936535212,0.917943537045151,0.7416589464401029,0.41386550134091815,0.6858710034657127,0.8130097041801158,0.6446056835558012,0.7640208671563216,0.6474783668496151,0.627256117845588,0.7672752244247306,0.6553050319479485,0.7171110139075421,0.8084283394217582,0.7392822458549428,0.7702204531436831,0.5191411076871562,0.4023376292083535,0.7937217072713788,0.7904738151853384,0.6333468200396989,0.7939970696423156,0.8725444552779937,0.5225122799286346,0.7836930160497834,0.7740754049902174,0.8399194052986845,0.7215884806668036,0.801997612546482,0.634359020623453,0.7312416943510994,0.8777712237923138,0.43216431630051566,0.7906597060233219,0.8663365267853905,0.36857702034168416,0.9052418341845824,0.30085714729517277,0.7739817238430682,0.864800134975283,0.7473415076006786,0.8060723427151346,0.7091214166861618,0.8461875736219067,0.7770351613012915,0.8019883154124722,0.6576603522052065,0.8500080554239151,0.11019031913760369,0.7800252988720783,0.8118242810691564,0.7828188979311304,0.8435071464923888,0.8665947006263861,0.8207163710826618,0.796722035856259,0.7884975626477598,0.7811751279960932,0.7754719142355238,0.9076203593681733
cobra,0.8144562527651058,0.8116808700081046,0.7645714655006395,0.7775786193926064,0.7544893745806592,0.8241626502113537,0.8132228507883812,0.8746562366003443,0.9148915855281426,0.8682005762751066,0.8283230222096544,0.8281431335456463,0.8409446787719199,0.893270411956778,0.7052249666061696,0.778227085346342,0.7890243780948138,0.8006803102544376,0.782949378016726,-2.220446049250313e-16,0.8701135611647658,0.9076162721500672,0.8743338037174704,0.7994009269452296,0.7986625330854074,0.8124566263264332,0.8539054729942714,0.7747091509010336,0.7665861745318897,0.7517902240268459,0.8271412930194473,0.7993677180589649,0.7760862891591105,0.8731957678792669,0.8308838662081539,0.7614204754221381,0.8500789444287611,0.677910595332035,0.9153466348045933,0.8013457946710162,0.8942187566932867,0.6204434797282556,0.8802815294274347,0.798967559247066,0.7071030731286227,0.8140553398022362,0.8616251081979467,0.844857302663185,0.5243256768088013,0.8124121029318245,0.8518659655908315,0.7697212782257575,0.7249568492723142,0.6278817301951735,0.629419754666367,0.8443037272065704,0.8627490660889234,0.7278605597390337,0.8195967389531142,0.8931874890980853,0.6852834998395658,0.8003967882870558,0.8337135480189191,0.7587124509671588,0.8097677802456703,0.8960704226962204,0.8027599986195953,0.8912378704497423,0.8489934422619758,0.8331741386589747,0.8235139101736857,0.8288090376694806,0.8646493021093935,0.8625798014629918,0.8691349343644289,0.848207186193227,0.862415675494685,0.869561275758943,0.8847240605539723,0.6165434129445426,0.8756835494685613,0.8778997141913623,0.7518311782149623,0.6805377088751078,0.8794253070118593,0.828316229116684,0.8755438689515331,0.8447801262883519,0.855864245641117,0.8691982586410238,0.8653236201129522,0.6804693369903208,0.7318085079799463,0.8117091867463506,0.7332439761392882,0.5890051874884725,0.6918183408133515
cockroach,0.8434340987259351,0.9215030286966736,0.8770701493043473,0.8949393431934587,0.6301968396645112,0.7927691201829874,0.5572637551451789,0.2825594458517039,0.8712558665595839,0.8871342439460268,0.28367635560550053,0.6649366299092803,0.81289701389037,0.7779872627860526,0.5667014900357945,0.6965084984727037,0.822426368756703,0.8338595569521098,0.7928625337313904,0.8701135611647658,2.220446049250313e-16,0.8675037049586753,0.8297892009601628,0.6267915848071056,0.7666981998360194,0.8169971964126979,0.8361230282755532,0.6447461817122447,0.8382789363761356,0.8584685017593173,0.24261895959804292,0.9128175488115073,0.7740248412896781,0.44003486015333915,0.8338414856288836,0.8051951650756676,0.8514736160632416,0.8551638530373458,0.9314951987542207,0.46808745567126275,0.8360242145444076,0.7693710919873841,0.8248955489420831,0.7217334679109813,0.8302032007386593,0.8460447935221748,0.9215150203081665,0.5767303877494108,0.5972464492285409,0.32541341676677094,0.9272722776179314,0.8701144078734495,0.7593617683081018,0.8803366975297789,0.8169421277399292,0.7999393161722724,0.3728435351748215,0.4678218469396679,0.7009162179938746,0.8312342787217527,0.841708170354051,0.7865852977886714,0.8688352253254693,0.8492148893954781,0.8574816971433583,0.8777780870152713,0.8623992855273468,0.9257650190875537,0.9308460577524849,0.8766290489154903,0.5508523408461989,0.8830468611499044,0.8585283630666021,0.7632738107826302,0.8539577774115242,0.7865572297043163,0.7785034829467564,0.8190493654493848,0.814062641015757,0.7372880438850022,0.8005893990709805,0.8375285093857174,0.8771968676917287,0.5390152130161576,0.6827811100325722,0.8440363048029095,0.7577013758500994,0.707208953407972,0.7755087011727355,0.8709444151693047,0.8681926606743295,0.7180925102397149,0.7863513936100862,0.5883555075485045,0.7962292020287551,0.7153319928663011,0.8954909108492315
