,aardvark,alpaca,anteater,badger,bat1,beaver,bee,beetle,bison,boar,bug,butterfly,calf1,cardinal,caterpillar,catfish,chick,chihuahua,chipmunk,cobra,cockroach,coral,cow,crab,crow,deer,dolphin,dragonfly,duck,eagle,earwig,elephant,fish,fly,fox,gazelle,goat,goose,gorilla,grasshopper,guinea_pig,hawk,hippopotamus,hummingbird,iguana,kangaroo,koala,ladybug,leech,lightning_bug,lion,llama,maggot,meerkat,mongoose,moose,mosquito,moth,mussel,orangutan,otter,oyster,panther,peacock,penguin,pig,piglet,polar_bear,poodle,possum,praying_mantis,pug,rabbit,racehorse,rat,reindeer,rooster,scallop,sea_urchin,seahorse,shark,shrimp,sloth,snail,spider,squirrel,stingray,swordfish,tarantula,tiger,toucan,turtle,walrus,wasp,whale,worm,zebra
aardvark,0.0,0.21371376044093027,0.10708509489010853,0.16060564235011798,0.19554740812795735,0.15554311488586492,0.27368185335644013,0.2600751157987241,0.19137664248107478,0.09378504990314407,0.2682027658415609,0.3075177681196495,0.17168738448785303,0.3033609131781114,0.2988088304293979,0.21449533298680457,0.22181107472958062,0.23084826105888612,0.18747578379588692,0.21509592285335932,0.25741309406460355,0.33738534472697235,0.19961916379142253,0.23564469149413558,0.24295672355944298,0.18310870236942467,0.23835112125958458,0.3358420227424451,0.24644204164074301,0.27513376176365056,0.25744279923489066,0.16119207332124663,0.24691805796144095,0.3056425856871111,0.20159752753675897,0.1664564362272819,0.1366577654997697,0.2412376107787627,0.18943224161718752,0.2386077392875665,0.1796931639995386,0.2775109337641529,0.08647713327365192,0.2895549217898514,0.1630277431984002,0.12042990200864068,0.19634988510246043,0.2837264234231234,0.24925632818034094,0.26677400096125625,0.22060977928622427,0.1626954952655706,0.29890844342213907,0.17793188781418168,0.11920029759890138,0.15043891000179266,0.35803481383240465,0.3253674669196912,0.41509441503742817,0.21803419917073086,0.18337087740835956,0.389965862001483,0.22502803569559948,0.23064164683122856,0.24373263805761458,0.12001642299625226,0.09870237776625945,0.2228714934926358,0.23784068090972066,0.14083112328861658,0.230528516994565,0.25907193797009564,0.14412616064623085,0.38711147403401536,0.15558693214782504,0.2168444080254226,0.19443471336038953,0.41517281940598083,0.28348305844846455,0.2668657560990153,0.27460691563223527,0.39218245152904996,0.18832591833581724,0.21464135916056426,0.2858396541544448,0.20723405417415597,0.23531322693221246,0.2810586703690955,0.24211957855722743,0.23655271954139556,0.24269995521922083,0.20268899403952612,0.18515319239723416,0.29335884635836973,0.2701460511364253,0.24778451649392674,0.18037851874567778
alpaca,0.21371376044093027,0.0,0.20708298718314644,0.2647595935797764,0.3242261561249482,0.2979838413180216,0.34581238068670783,0.39201045588709615,0.2514587661072364,0.26281975501459975,0.3823425222830912,0.35755073410506333,0.1707369504444014,0.35503299654661735,0.34732833851749245,0.36409939234864475,0.2342816560322626,0.27644050049158453,0.2801110786062603,0.28009324540779423,0.4043155337322899,0.4111122072344563,0.18650803193271037,0.353043775175059,0.3172039760073706,0.24135967343278364,0.3130932118361236,0.396034103955756,0.3044979735354143,0.2965698743510393,0.3913398402180426,0.26361792577401755,0.3411893018676473,0.4328276450544394,0.2546993995855007,0.23908400590184253,0.13690065567393883,0.2669706354971739,0.2315995628079791,0.3417086660406665,0.2512233550275751,0.3073551604601704,0.24811439003168534,0.34898266420663693,0.26988431339924523,0.18399260187880762,0.23783739315848684,0.34508205779415047,0.34284075646114764,0.3995757026271958,0.2731368257218799,0.061749874623244216,0.31971996523285284,0.208682426174584,0.23941625040698866,0.26687308383308805,0.4782965533660657,0.391527162330526,0.4468294569269794,0.28222226174163334,0.2650273731755466,0.41275072991176986,0.2961061684191624,0.277806162941855,0.24913381199863194,0.23201287603389475,0.22147114118352995,0.2745114630901071,0.17305040381993875,0.2845057327624233,0.31394900711254636,0.26224556995157555,0.2227215051248167,0.35500663367172425,0.3278417889481303,0.2650029838729848,0.20972732701304664,0.4370610360936621,0.3703392146093355,0.3276010018943437,0.3806752772640404,0.4169360246591617,0.24490567273189767,0.29817752487627014,0.34898943511248914,0.2666178556342077,0.3621167274359828,0.3892306179991637,0.3076518973444575,0.29874599798725177,0.3233823117221155,0.3062383200595543,0.2677252862853424,0.38732975111063284,0.32734819151581007,0.3385921905478244,0.2087660078362028
anteater,0.10708509489010853,0.20708298718314644,0.0,0.09364765137622422,0.1783112544923443,0.13984721785940712,0.25817746712691225,0.2916703665875091,0.216146464634702,0.15927227385749554,0.3058058339971863,0.30882698923500784,0.23003044672748285,0.3121767139787933,0.2956407121198079,0.24497385808420202,0.27369888820784993,0.2664647409323859,0.1855541368594218,0.20738890171942492,0.30754889683791575,0.3459820313654385,0.2385287743309661,0.2588848260660872,0.22298350324869365,0.22304466572774506,0.2323053306511781,0.33117141918655424,0.2470448856587737,0.23472774660127083,0.2937732511882488,0.16639358819228722,0.2594561762845994,0.3232660400712498,0.1719525758567929,0.20091182423576914,0.1639413449154823,0.2063359923376431,0.1501594673982235,0.26743508067070765,0.21941703932043866,0.24971244197191322,0.14249314118721457,0.2975906753108615,0.17463314079112835,0.12622730664748827,0.1455409440186357,0.2964263849799924,0.25692670324456246,0.3012179315215803,0.22584081907985265,0.15292576887609555,0.3222622413362237,0.12870994297768124,0.10957164201352665,0.17812067934329534,0.41408396372668,0.3320951741475233,0.42182305580996116,0.19650032979926535,0.14416112751945265,0.38288241600242046,0.19773612284553366,0.2258447844668855,0.1786743728323542,0.22449630848499758,0.19975395992821654,0.18598028624053786,0.22335729943854887,0.12321859396514678,0.24907411459234186,0.25597162823403397,0.19264087473745584,0.40154753492564543,0.2115879855846824,0.2455415121870178,0.22545271171853498,0.44124853725752,0.2782181566154033,0.2652176897182775,0.2940209650729977,0.41543311114684234,0.11924345050735985,0.22565788136603793,0.2881412583356303,0.19306764608071192,0.26173074674489927,0.2995466655155379,0.23059956609611343,0.2043520654231672,0.22162463284840428,0.21059807962782606,0.16969092969818622,0.28593005271314875,0.24578486864869298,0.290182292290486,0.16999690517540822
badger,0.16060564235011798,0.2647595935797764,0.09364765137622422,0.0,0.19597810394061477,0.1568818713030824,0.22369001476854078,0.30589213979500385,0.2659028329294596,0.14889432183589757,0.30420972986406536,0.30359629052878045,0.23012582782828706,0.31064726334305715,0.2867927272850549,0.26610728590713006,0.2743162268380328,0.286604518183877,0.17057184360483701,0.2335249057430907,0.32296197324556475,0.37222577788293354,0.24856376428362936,0.2797063424319256,0.25333043094260455,0.21494076587945643,0.2721893658975444,0.3336314157575925,0.24779229514752754,0.2688837664799708,0.302514352414578,0.25658726151357536,0.28610080593529064,0.31792704317583975,0.14009979802363626,0.2526258603902303,0.21473469286506452,0.22426952268916867,0.2464019231422223,0.28040419652042436,0.2171422923399421,0.2528048569019654,0.22658223519993403,0.31647791493165545,0.23910746678988148,0.19424765736095828,0.2101312377934621,0.2734727803052662,0.2852355216446718,0.3116957936914849,0.2720804568626082,0.22737537956390963,0.3388497273176492,0.1548375130076266,0.13247604756086062,0.23321062667210635,0.41436974009850036,0.32378015140991256,0.4188937578864871,0.2629758357606091,0.1484606156755467,0.3892735561098698,0.261313794520167,0.28828856207970266,0.2428553872128868,0.21356291639014702,0.18943237770422017,0.22512124387502752,0.27747001248661207,0.09369849483148696,0.29949168755179256,0.28268795311902184,0.171278010497541,0.42681350379601457,0.19910377447535632,0.24343524305765463,0.2672623144465123,0.4560100009338839,0.30585846879180134,0.3147966450614045,0.3021990973806499,0.46319116884569456,0.19119290160294933,0.23372451532788896,0.2995820643196201,0.18283482368109394,0.30302166084289517,0.3329973968877268,0.25670185234616594,0.24270408182082748,0.3060787137787292,0.22725203512190428,0.24380995690839713,0.26884606757326024,0.29423584841013906,0.296879740094772,0.23520287652059169
bat1,0.19554740812795735,0.3242261561249482,0.1783112544923443,0.19597810394061477,0.0,0.20110120841866153,0.1965330613096029,0.24629717309340005,0.30160113984444936,0.22998860068563998,0.23531660334163085,0.2273078628420684,0.2945317296352299,0.24892216057551309,0.2404259924989165,0.22882818016214446,0.2697306443525831,0.29949840062483424,0.20639300428981355,0.23955652748906575,0.24919302228973517,0.33130853818545725,0.306892365822822,0.24776893516751664,0.19808000672086512,0.27660472155816507,0.2707442828169898,0.2591751446430627,0.2688127122857792,0.26717815218742047,0.2543828319446513,0.2572676176885237,0.2570181788755398,0.2400459211627639,0.19937773869893805,0.2805493966701116,0.2852805911488805,0.261562495356891,0.23143772895864123,0.21845056214218417,0.25357317490943654,0.2458457094632278,0.23422763146502468,0.21438330036136322,0.2013484750640927,0.2343461461646963,0.221303929838627,0.24406221142377993,0.22228421488204586,0.2241769051616982,0.29516647303100807,0.2734776548796216,0.31477480425779925,0.20161154173686158,0.18753438367222786,0.25487451114697346,0.3270496784737623,0.22194589476984028,0.4115241072300838,0.2031795565866097,0.2120510535742436,0.376760340899293,0.24997514343987082,0.2658255693926391,0.2548122109806159,0.2773668535654279,0.24506971627799923,0.2741936945113148,0.31129823049986516,0.18586163376346065,0.2268914022341294,0.30474990679063896,0.239345762341298,0.46208339946388377,0.19214732347654584,0.2975952940340293,0.26731522441408206,0.4549009279398496,0.25738080863914725,0.23966748752494527,0.27331227960347715,0.4467587089377457,0.16341822680237605,0.21305762238747583,0.19101885756584724,0.21704657653699067,0.21110128099667647,0.28477486987210876,0.16102499380940338,0.2767040433903082,0.24135782958505925,0.22572815546472147,0.24666845593306597,0.23059030361967137,0.26871053909160303,0.2511942378284865,0.270411456479026
beaver,0.15554311488586492,0.2979838413180216,0.13984721785940712,0.1568818713030824,0.20110120841866153,0.0,0.2652664865535478,0.2581801524988683,0.2007934054951701,0.12184797889892818,0.2773607586523098,0.30808012482849667,0.2739428709529187,0.2726602885260536,0.26276480393170065,0.2124582060898994,0.2914548837632407,0.29284482727297256,0.1373253910629988,0.24027228270889234,0.27185530171272043,0.3508515145134983,0.2867945340393694,0.22991895547584829,0.20941744827675246,0.20705890620875633,0.24953017909729913,0.30109603837280674,0.18244582831693035,0.2521107657962024,0.2729149130031243,0.24598791062483216,0.2612188821218897,0.28695122176029575,0.1894564925665374,0.2639354850872685,0.2445498784304282,0.2183993421486521,0.25089439291932014,0.2545168687173861,0.20270972184543823,0.22819670685212823,0.1703775052179788,0.26190240343081095,0.18126404761936565,0.2053311096485595,0.22692078077896582,0.27923267968128174,0.2361411198529787,0.28530895967208725,0.2548270780856212,0.24353634558170334,0.33652572082213716,0.17420795290146696,0.1078429722600669,0.17453708457825023,0.3976293853527554,0.3023742934549314,0.41533255027053784,0.251415518536956,0.0733062669338933,0.3601704157750396,0.23226104088938992,0.2589009270677278,0.25939380753472396,0.2321931942058152,0.2244339498239154,0.21975717323983668,0.26422408779023043,0.14179047940053768,0.291322776187242,0.3061192202382832,0.1633132774145719,0.4509966242476673,0.14351118517404438,0.25186152303557907,0.2765497009107567,0.4467831914823984,0.24303244068096141,0.2654411677062729,0.2934232385056801,0.41787085502730614,0.18912476765649,0.21637638810907234,0.27803960283403517,0.1555843457555216,0.24280051978905504,0.3145599872340905,0.2505925981326541,0.2593541282767293,0.29496672216632847,0.19964201247200564,0.168220693680446,0.28732436493637714,0.25829751039583715,0.26073771193257156,0.28787413355999525
bee,0.27368185335644013,0.34581238068670783,0.25817746712691225,0.22369001476854078,0.1965330613096029,0.2652664865535478,0.0,0.19679532678716527,0.30802366377842305,0.2717310633479185,0.16585004197728725,0.16668829381170092,0.2848466737380594,0.2884987963875769,0.1713911681362842,0.26873792847031075,0.24054442874699378,0.32337131306254874,0.23434964465820607,0.27321378096425375,0.21037429506457572,0.27557031866547554,0.2592838060300032,0.23031093510674083,0.28702467752307403,0.2615300106126117,0.28926252319730883,0.19768576888094536,0.2602164345636676,0.2896669615567823,0.17155575290140324,0.3130586119179216,0.23564655125170142,0.11883073490446516,0.23100124381816378,0.279617551286617,0.30088592079834253,0.2644137195607291,0.3276321593633227,0.17080526183317024,0.2895177006705826,0.27099262986650163,0.31834494387522605,0.21856616884485602,0.2541600249259608,0.2845414861517662,0.30880124460121916,0.15312692821084462,0.23259494318209029,0.14051805600065825,0.3223333585387461,0.3105792852909727,0.223338797083253,0.2532564468448094,0.2461651305050795,0.28362986141694535,0.2254867195113076,0.2422177442251353,0.3406927881592827,0.31009341037781746,0.24771037334960877,0.31685430274246806,0.35096781654898035,0.2788896788901164,0.26907530751454045,0.2657796258602576,0.2717962683486834,0.294944445890145,0.3338387561140388,0.2672915904022648,0.2259621051832137,0.3497444160488974,0.2422609323156646,0.43094917779417474,0.2512508114916282,0.28586833128665445,0.284455128822391,0.3709576432609534,0.25486068400420736,0.23353789240578737,0.30277349127176134,0.3734032520102498,0.26431630919503624,0.1833806877480908,0.21705425552057322,0.23719677209129764,0.30199481381087256,0.32218299141651907,0.22075719601233545,0.3097613246613715,0.3131316840840537,0.24230109526999866,0.28733624758351817,0.07733266522559545,0.292641050294532,0.23373890332838998,0.27872584801441913
beetle,0.2600751157987241,0.39201045588709615,0.2916703665875091,0.30589213979500385,0.24629717309340005,0.2581801524988683,0.19679532678716527,0.0,0.3353049201613294,0.2908465277158626,0.06442478726112133,0.24915831352686268,0.3506564434027243,0.3091266222938721,0.1537615343587334,0.2655006226154306,0.3503802776532442,0.35126402685044367,0.2588840431162007,0.2605730994089457,0.057904709091273876,0.3795228272446032,0.33255183343598316,0.2001461646257553,0.2642327748224058,0.26630481213949075,0.3420804686870248,0.1855359343457248,0.2996060061980724,0.3567223716130299,0.07103153639195703,0.36011858964086196,0.26419839440769155,0.12402559268759639,0.3364656901808818,0.2671621678887287,0.31164271488139617,0.30278252725619503,0.3669462484528102,0.10482063223877258,0.3308780928600732,0.3078154225926649,0.3064347555717737,0.26906293540746207,0.22095584425555337,0.30241779843203676,0.3749717933814174,0.1201916429072547,0.13647092703560693,0.09193662936343594,0.3919396355202559,0.3232797804300138,0.24749640693127506,0.3452023070313939,0.27161984883665446,0.27446375459199235,0.2683824714831975,0.17685076017415247,0.37433408343595553,0.38910372499014967,0.30709297560188964,0.35892008908100204,0.3370882367754484,0.26251825814384433,0.3508400446716362,0.3475623873768502,0.34565165040029,0.3848899346916168,0.3778002039146846,0.29010769962759675,0.18800066807897864,0.3799390172130135,0.25565230102627134,0.47728174201150253,0.2727903896809526,0.3134321308040219,0.30623387993172546,0.4296975957133229,0.24412703184544415,0.24891058211242378,0.3436945072499028,0.39193127288798923,0.3462138498119459,0.18355520810198145,0.14085881237789244,0.28176136199307955,0.29397231111443034,0.3116736172656315,0.1819906193595191,0.3726872106092399,0.29588907070311965,0.2550804471593138,0.33229723486506646,0.12102597224811384,0.3402983074973741,0.17768239218862714,0.3073748140703413
bison,0.19137664248107478,0.2514587661072364,0.216146464634702,0.2659028329294596,0.30160113984444936,0.2007934054951701,0.30802366377842305,0.3353049201613294,0.0,0.16500927400708953,0.35630706259932876,0.3307331681039576,0.20359512526686152,0.2934463295131402,0.3252283151559743,0.29467979404797384,0.2908634301236176,0.3284977728294206,0.2805511042667673,0.3087472005664641,0.36269188491645477,0.377564288768767,0.17657614728467974,0.3111290300423949,0.262369580544649,0.195421136167915,0.3279560046917689,0.3793943533813866,0.27195505665695807,0.21232812315419514,0.3516576539739238,0.23054136457987118,0.305958084745496,0.3622247056202482,0.27544661310119356,0.22884448771542953,0.19811036545470406,0.25937351393817143,0.2480650744110262,0.3363665636259465,0.29147603974190084,0.2697367834813783,0.19585436609790052,0.3289280653008354,0.2572229240793551,0.2481400177393588,0.31629410046058426,0.3426893381053868,0.32450687214383045,0.3467588625255903,0.22494061761374495,0.21417846061602186,0.38889774253573184,0.27874236810022746,0.238584810349726,0.08978188112754337,0.4320103072701825,0.395489235013485,0.43914533213780116,0.2949489046636189,0.22755495012228977,0.4023285154104588,0.2443531294737824,0.29237883231209594,0.29217569768013796,0.1988654324435698,0.24203936935429493,0.23853692746271804,0.2944317244352984,0.2905835048133707,0.35158730918896963,0.3420425763714561,0.2602406255871743,0.3983526675275335,0.31206748491482217,0.1969901758194954,0.24378460139899616,0.46963821663248384,0.3200795285973693,0.3515492539934105,0.31689113579450423,0.45773253721531837,0.28239400813710935,0.31768549990603145,0.3573832999100478,0.27279984170219784,0.3260345917947596,0.34277965620318074,0.3255449499367602,0.2737602369318741,0.34065282138452446,0.2564266534459635,0.219486967595111,0.34088109694899016,0.27358304098166664,0.3358847504787924,0.23852438642676965
boar,0.09378504990314407,0.26281975501459975,0.15927227385749554,0.14889432183589757,0.22998860068563998,0.12184797889892818,0.2717310633479185,0.2908465277158626,0.16500927400708953,0.0,0.2917323238691626,0.3063505743243685,0.21109865729117672,0.29842894254743946,0.29220293960700117,0.251352818117348,0.2724649980386168,0.2905003746581436,0.1921721032634619,0.2771921061759346,0.31762022543848745,0.363250925302827,0.21561284077117404,0.27429986523860983,0.2393417362338608,0.18651693436841965,0.2796164542691736,0.3340385550981485,0.24704597942597695,0.268366679937191,0.30153550236288673,0.2254739050841118,0.27535112802519224,0.31249711716247053,0.18568360193845812,0.2588700176855526,0.1840552228656377,0.25042792876118114,0.2446209733632706,0.27719002518772995,0.2027924386798976,0.2659268246808667,0.13839676078606378,0.3104235018999645,0.20178470411406346,0.21445333083973894,0.2648057542084802,0.2981028626694089,0.29018803646071234,0.3009447710861143,0.23722035806031094,0.22273292749467366,0.3443161842055962,0.2168781399335893,0.15424465040369761,0.15559353688794797,0.41265366913089174,0.3339519033174557,0.42314464169830934,0.26503806522032525,0.18064777000199528,0.3834285852685352,0.23807490192639114,0.2652048755152965,0.28068425668263475,0.10420781162200221,0.11254609434687035,0.23144148146018506,0.278328642994505,0.18129589104035504,0.31240593496942604,0.29484576407581053,0.17880390112676092,0.41138240518943936,0.1949210239416258,0.20649420236187865,0.23641652530286017,0.4388944131794271,0.29010555980607433,0.3154677105721204,0.2939520282088366,0.4305417304993926,0.24283117908062268,0.26644646593994803,0.3229742400576888,0.19464192528274138,0.286599275992401,0.3125007622665177,0.2826645901887742,0.2564865750885639,0.3297137603944693,0.22825503542653747,0.23792678426589653,0.30366603186664454,0.2851585534225054,0.28659624657211225,0.24838969337702532
bug,0.2682027658415609,0.3823425222830912,0.3058058339971863,0.30420972986406536,0.23531660334163085,0.2773607586523098,0.16585004197728725,0.06442478726112133,0.35630706259932876,0.2917323238691626,0.0,0.18993672081249002,0.317670185719763,0.2796128090573917,0.11131067519054139,0.25053224060369106,0.3187799358772464,0.3478627274202776,0.24814399020384392,0.27606718980658906,0.08825828489358911,0.34781624951836543,0.3085036772489881,0.21900286360675247,0.28290966747889734,0.25958425673895114,0.34833169381491547,0.14985882084165125,0.28890413460693654,0.3341676451717037,0.07228676330725559,0.3610509783834037,0.2485231670350213,0.09996355719769623,0.3108699511898755,0.26537469992337215,0.30597379587118256,0.2967403835261423,0.3763604168598125,0.06611596666988895,0.33421350491410406,0.29959548035565,0.31918139943554724,0.23925227696394802,0.22847021770587417,0.2841565494178031,0.34817786292306463,0.09401025444145228,0.17017908461305054,0.0740680093654601,0.37685398058389596,0.3161205794273446,0.2530702481181477,0.3276172119484634,0.2759359327100309,0.28574333554947673,0.20871473687523046,0.14890238782482657,0.40284614312474787,0.3592110226802172,0.3128930169907209,0.38409972051668473,0.3480247716674516,0.2704354756048173,0.33803502058716217,0.3353387664635801,0.3376180658068879,0.3749604207391257,0.3804133462325856,0.29254518040364286,0.14529632201389064,0.38724529303087063,0.24390631666875673,0.46783001055751683,0.2678850175446267,0.315522703026227,0.30846679887312667,0.4422122210772208,0.24459954123447558,0.23661348771376167,0.3358401052188489,0.4154774933121447,0.33653666695060125,0.18866162114304252,0.14697773103304212,0.2733607825927368,0.30155752216733933,0.3128746130847113,0.21839591529431124,0.3535515781718923,0.285148717023479,0.26558232434782214,0.35355606629364367,0.10986629893108013,0.35501635470464354,0.18835530646670529,0.30923704257106
butterfly,0.3075177681196495,0.35755073410506333,0.30882698923500784,0.30359629052878045,0.2273078628420684,0.30808012482849667,0.16668829381170092,0.24915831352686268,0.3307331681039576,0.3063505743243685,0.18993672081249002,0.0,0.2963022795754473,0.23155583780608602,0.1576315604549947,0.2779581507777952,0.25843269379977374,0.342339850149028,0.27199522043883895,0.26041180053436686,0.28569536611140767,0.2599880581284998,0.26747681498839937,0.2875767535270132,0.2601722444957195,0.26264960898791534,0.27624835786290336,0.14259307349745176,0.25407985538382694,0.25036582711688915,0.23277081556969592,0.29347144958903026,0.20099635560230167,0.22266292737220117,0.26756089430149577,0.28135412099389023,0.32773300781289416,0.2584233215926771,0.32572147804507345,0.18151783752584494,0.33029737114115465,0.2368214203512875,0.30156483199196094,0.18544746681623736,0.2303534120956413,0.29641643004343876,0.2986172122412142,0.15896649281968467,0.2411332391715496,0.17814124244012286,0.27563371484654275,0.3214117715793945,0.3065544866030957,0.30807431281868103,0.30260277460176255,0.2928177715273488,0.3232362294280767,0.19554596165841165,0.3711388418187279,0.2811257356678495,0.29786961691131275,0.36240244467553895,0.2876296395568819,0.1936932550761813,0.2680005988688765,0.303856526491214,0.3033083171545956,0.3123111860789678,0.3458188738143453,0.332601309154848,0.21904701275110583,0.3680882792677066,0.2627464889193132,0.3950664746161512,0.3282302364616655,0.3041220930282348,0.2597398038351608,0.3895052558535208,0.2463532032412148,0.22807953019210092,0.2984193763099915,0.39231275051368464,0.2893212029811143,0.19889055081407814,0.23660281640923808,0.2756317185667303,0.2602306775904507,0.31262268090433065,0.28112618574531467,0.23090063628949176,0.2220249740299175,0.2250098100977339,0.3193332013949586,0.19117629502305633,0.270374875661167,0.2554902282719608,0.24561698592089787
calf1,0.17168738448785303,0.1707369504444014,0.23003044672748285,0.23012582782828706,0.2945317296352299,0.2739428709529187,0.2848466737380594,0.3506564434027243,0.20359512526686152,0.21109865729117672,0.317670185719763,0.2963022795754473,0.0,0.3442480993152216,0.32958731369497896,0.29811927486819223,0.17670370239638755,0.26461305649640576,0.27295416314094867,0.2983766192686259,0.3541135523629264,0.3647601914940367,0.055669696313928374,0.31148087064717234,0.3208598124407649,0.19892674980403346,0.2913572592568967,0.354903693488526,0.26589621569033084,0.29551413387433545,0.3313608232094778,0.22289898428616917,0.30046029037773936,0.35451377933362915,0.27310131550088446,0.23979317898246388,0.12653400175032958,0.2731630280178422,0.2752761901431483,0.30820906425490424,0.238585394369752,0.31035841577379,0.22050709140368807,0.33429842734282456,0.2864838585635997,0.21957796445286282,0.28143461360526123,0.29782848877857426,0.3150888388273122,0.321012643906059,0.2725953100726587,0.19699442621385588,0.33501968057693665,0.2930970433841532,0.27628719827882475,0.20027896486313324,0.39430847279320747,0.3621573191407639,0.4161764631084881,0.26451050323887637,0.27232737097291526,0.40144761887581515,0.29989460742763085,0.3056594260229658,0.2926403584007794,0.1391154472234677,0.137157495981574,0.28349575141775474,0.2279263163143559,0.27432795078426164,0.3223268786931224,0.2892728737841702,0.22441036522236124,0.3602335373391258,0.2774369534756762,0.2465569406444167,0.19537404507856415,0.4215632359946099,0.36179079721844987,0.32881181131775106,0.3285756466744675,0.43547611723265023,0.2801847262652092,0.2856236545466594,0.3319579179816907,0.27341704245976517,0.30979919350251506,0.3359095740241509,0.32480242379812285,0.2812799919064134,0.32756023998450956,0.2735586630632194,0.29009132026488227,0.32495309518193793,0.2991418402902021,0.3114579740841332,0.22674408627149467
cardinal,0.3033609131781114,0.35503299654661735,0.3121767139787933,0.31064726334305715,0.24892216057551309,0.2726602885260536,0.2884987963875769,0.3091266222938721,0.2934463295131402,0.29842894254743946,0.2796128090573917,0.23155583780608602,0.3442480993152216,0.0,0.28826459104099833,0.3409984664299187,0.2720108886721666,0.33893597941423004,0.22991109145371758,0.3103811288329972,0.3362786472055389,0.3857188315126162,0.33428693579693036,0.31735628974599794,0.1792887405816067,0.2526642660576892,0.32533394585441944,0.2682542037383613,0.24891461805016757,0.23325304758247967,0.3036119928664095,0.3533917470233926,0.2831571120275814,0.30091985639100627,0.24947824687811238,0.2608472663231127,0.314861708634253,0.2580166026294145,0.3205096756273701,0.26758302204822304,0.34044605585024657,0.19802906883678661,0.33320590981140563,0.17032353288672053,0.2703311499486283,0.2957657102473592,0.33720417135245084,0.23284275998612713,0.3252455069929694,0.2775798244333433,0.3079382809122915,0.3010755348544336,0.38611236892811907,0.2766120164974045,0.2524037564151794,0.2756841875126953,0.4307090139233424,0.33518195720162614,0.41924657367875817,0.3000643570061682,0.2844283213008777,0.40489728580059614,0.3043377936098093,0.2104314301938215,0.2811408865195023,0.3391289737921631,0.3400054095890973,0.3368550146987581,0.35134693831885166,0.30111818973959315,0.27736398907428905,0.3766386586663033,0.281485977205155,0.44587777556465935,0.33264346194225725,0.3003180219003916,0.23699709809560443,0.4645028630200353,0.343417298121073,0.3437621694067684,0.3604995772600582,0.45188528060205246,0.298433871155405,0.2849264318122119,0.3026604393803275,0.23277230427983242,0.35193147884010545,0.3433404302224825,0.33062542600075684,0.3090095945435707,0.20704340318634096,0.28850693325909194,0.3273948301231111,0.2946243568357606,0.3427002880255453,0.3304490077842168,0.3127738691529931
caterpillar,0.2988088304293979,0.34732833851749245,0.2956407121198079,0.2867927272850549,0.2404259924989165,0.26276480393170065,0.1713911681362842,0.1537615343587334,0.3252283151559743,0.29220293960700117,0.11131067519054139,0.1576315604549947,0.32958731369497896,0.28826459104099833,0.0,0.25340983072557477,0.31049415203537933,0.37140386051598684,0.2509125769077054,0.24095970020898716,0.17636153380452746,0.33751502475994477,0.30836336174862244,0.27118336555626577,0.2907885992893069,0.2794053344103392,0.3519704345903305,0.15667186211767392,0.3117395673018215,0.3230896981768794,0.11847970792759299,0.35603590795226503,0.2512470151746188,0.16745928466197757,0.31293783664960806,0.30710794260301966,0.34115331905445345,0.29732149973306043,0.37836452895116435,0.11950683590178535,0.3309226326017608,0.2951206995788551,0.32620524317155464,0.25911871511269546,0.2186903428989979,0.31215173387297346,0.33035876680897014,0.13812206434284913,0.13142697219322252,0.14225069571823734,0.3530147994662993,0.3183473964396394,0.2188566683261738,0.32099097552804745,0.26488173635749523,0.3171918280974726,0.28316426673303696,0.14470130418079685,0.42733231843830344,0.3678201216780439,0.3064290889023701,0.3849049104653379,0.34010010007958147,0.2745099589544562,0.34470210982196337,0.3321878428020776,0.3312801990950426,0.3704932523325637,0.36065181887957987,0.2855601478718742,0.20142779343437434,0.3999648176427839,0.26326574719830464,0.48371313900975577,0.2931193443744504,0.34489571542749,0.30634115554027685,0.44500447066510807,0.2147643609434533,0.20023468835865665,0.3405120194916291,0.41254875169909533,0.32198846346303933,0.18670737646610847,0.18778617848884094,0.2490884666230928,0.305696171843686,0.3403569771914372,0.22306503843919379,0.3317357119237,0.3104875383424065,0.2734709949033819,0.32937317785387155,0.13936705874016464,0.3367001421470205,0.1395835695780322,0.2877694519930921
catfish,0.21449533298680457,0.36409939234864475,0.24497385808420202,0.26610728590713006,0.22882818016214446,0.2124582060898994,0.26873792847031075,0.2655006226154306,0.29467979404797384,0.251352818117348,0.25053224060369106,0.2779581507777952,0.29811927486819223,0.3409984664299187,0.25340983072557477,0.0,0.3103405592748123,0.3407705455408825,0.26790879087042396,0.22030061629656283,0.22698834104551813,0.24560295366051932,0.2857056533322907,0.16139010972143764,0.2769802942876428,0.24630207677515614,0.21284490386382904,0.27024352958930475,0.24198465470462105,0.28832798462773523,0.22332311780871394,0.2909895120514814,0.11053583587577909,0.25570459486690067,0.29480792375405285,0.2663373599079908,0.28664529827815366,0.25371185216403813,0.2932813024289552,0.21882207175258483,0.31088608481510016,0.29590278085044075,0.20988610332697177,0.302873017056949,0.1719822295423743,0.27265676809999706,0.3268980732168546,0.29361146166805396,0.17312822102453773,0.23823195496585292,0.3010623413501017,0.3101977173499476,0.2595349914746913,0.29670718311418076,0.23707230588052008,0.23142036590093518,0.280606584306585,0.2640322906695788,0.3317768820863056,0.3153922631958954,0.19690536462924213,0.30598799754357875,0.2698994685559739,0.28844293693484213,0.2851483604001591,0.2527157716745997,0.2834860869460887,0.28392887802911926,0.3453296783614037,0.2464353715516897,0.23799142169356036,0.3583577627817379,0.28030254539029653,0.4227186835914992,0.23278978546152562,0.2868455114838214,0.2898117934961054,0.38138639908233385,0.2030169747242263,0.17373816806437914,0.15716443310248862,0.3460090217375932,0.293068388546882,0.23106381359082107,0.2612071188748627,0.27652502976429105,0.14152902028033443,0.14700855855241857,0.28110904911672363,0.28971241925131197,0.2899084151329112,0.19084900931664817,0.20020234215530242,0.2660168444113957,0.21562364867702766,0.2005704579374663,0.28757113465675954
chick,0.22181107472958062,0.2342816560322626,0.27369888820784993,0.2743162268380328,0.2697306443525831,0.2914548837632407,0.24054442874699378,0.3503802776532442,0.2908634301236176,0.2724649980386168,0.3187799358772464,0.25843269379977374,0.17670370239638755,0.2720108886721666,0.31049415203537933,0.3103405592748123,0.0,0.2678917467034766,0.23666530910307626,0.2782633494933593,0.3577262262287906,0.3462400604294814,0.21200263006869113,0.28486702500725003,0.2483627612927365,0.287371216178976,0.3162896149728266,0.33700475406224084,0.2265435218805104,0.2284780983131618,0.34564004125697323,0.29322585220638187,0.26366394537763727,0.3418940271236247,0.26511600936559243,0.30250991622151524,0.2176154821197095,0.24146065320481946,0.30160914438934383,0.3004143378745936,0.19591617764318303,0.25483261636746,0.2799979915984222,0.2677391552086832,0.26265157925952387,0.2612494204347108,0.280806379119088,0.27907896533425847,0.3019953129829104,0.2982649788006908,0.3169248503026423,0.2476437023436766,0.290220248949564,0.24534113932581003,0.267881030797812,0.31623140406505346,0.3700135203371838,0.3651613585013064,0.3670812288893429,0.30170511012906776,0.2593547536623202,0.35655924924611104,0.3441103305380877,0.23201378815435014,0.24422429872694795,0.1951878118098247,0.16004113906067996,0.2943715467528083,0.2514837545081039,0.26811823997935047,0.30271213441410716,0.28677237017588786,0.2082398130104579,0.4287330036479564,0.2445876511489835,0.3233301323672947,0.1308841188308878,0.34917761501663624,0.32904860523376167,0.2850049896706476,0.3667105089496224,0.3621828547318613,0.2696252796851596,0.2261343311142917,0.326222840833154,0.24184740760664603,0.34272215905818504,0.38160527048334925,0.2992783745410823,0.319291096339951,0.2857444560181157,0.24331442393916536,0.31859642464105964,0.3100187969940612,0.3327485167628028,0.3066176475909701,0.29844588564782715
chihuahua,0.23084826105888612,0.27644050049158453,0.2664647409323859,0.286604518183877,0.29949840062483424,0.29284482727297256,0.32337131306254874,0.35126402685044367,0.3284977728294206,0.2905003746581436,0.3478627274202776,0.342339850149028,0.26461305649640576,0.33893597941423004,0.37140386051598684,0.3407705455408825,0.2678917467034766,0.0,0.2351375419474646,0.32296450958867906,0.33846521162112897,0.44513785703552267,0.298581487433652,0.33925347171831866,0.3352380256750428,0.26034077216287876,0.3404742723533609,0.3714507683180752,0.30397240473696596,0.3074220738556833,0.3472809985859352,0.31173109932976284,0.31486671302310243,0.37619669249037646,0.26067418702599565,0.3074733560344226,0.24929969007107344,0.31088669044689643,0.3054223389127376,0.2894383654589664,0.18199352659786794,0.3314738087493361,0.2800297541754335,0.32234048172900975,0.2692029654230509,0.2666729356725692,0.2995108903136976,0.3336738232021069,0.3439370562873356,0.3225281580937931,0.31271912390969414,0.25685046679981427,0.36839782546759026,0.2439378844743374,0.2308180092952259,0.3144248366686916,0.44417699640863806,0.39060992653660453,0.42635845846912945,0.34309637864103804,0.27680949756106277,0.4103880240314848,0.3139463817590794,0.308362659377064,0.32281745292648134,0.26834862844923746,0.23106051746763023,0.33457434558834986,0.11486068689834295,0.24621376337665057,0.28883324487016804,0.10831674502381894,0.22110697066096918,0.3723399210234406,0.27531386498761823,0.34128505675559206,0.27236922717706724,0.40492681259249896,0.37839512363305594,0.33021354657027213,0.3589996109882042,0.40086033013896516,0.28589235947120184,0.28362078927996237,0.3618243031556231,0.23212202459924924,0.3603916467945042,0.3761194192823869,0.34877736261972514,0.32108187953411593,0.3340327021976034,0.27289594856799637,0.34084487900628435,0.3525721479090471,0.3873734481979858,0.3720401938842415,0.326691897555071
chipmunk,0.18747578379588692,0.2801110786062603,0.1855541368594218,0.17057184360483701,0.20639300428981355,0.1373253910629988,0.23434964465820607,0.2588840431162007,0.2805511042667673,0.1921721032634619,0.24814399020384392,0.27199522043883895,0.27295416314094867,0.22991109145371758,0.2509125769077054,0.26790879087042396,0.23666530910307626,0.2351375419474646,0.0,0.229279423440654,0.2652362419012818,0.3796016735895512,0.2986324939378161,0.24042967610081167,0.2577016586376313,0.19711215454905362,0.2735530801164072,0.2742760486830863,0.21504096701830167,0.2655317935507743,0.24635611969634819,0.28647223041236203,0.25667484869679047,0.27861115380020773,0.18123646335205879,0.23798311180991416,0.22320857404268135,0.2593147577264283,0.2655077610921601,0.20685049635909403,0.16975524252166208,0.2295553981586096,0.25270901827219827,0.21869182479020888,0.20395894729380193,0.19987134534705164,0.22951167163505026,0.24297842771290545,0.24041926846913486,0.25646133078052513,0.28865121905774915,0.23202491580647244,0.2975001888420813,0.14077358785903193,0.11227546097325114,0.24179699648443254,0.3866566448830214,0.2911748150492792,0.40639370492667526,0.26826857530482195,0.15642585228628958,0.354696567489588,0.28055116831691407,0.25340569906324983,0.25779686120153866,0.260291908122966,0.21187595666926118,0.27667284018947547,0.2638964839718264,0.14940458744175034,0.22989248215976266,0.25742205483810476,0.12236888241411759,0.4418228798441114,0.1484540977264842,0.266848176484598,0.2620231951743841,0.40083416214979073,0.29116619487268336,0.26769180942955606,0.3258691468573127,0.39290318756654263,0.2130324938824838,0.17286488436136727,0.2598981478108894,0.03820363560980489,0.30404849024878133,0.33162264008578457,0.24728696994484323,0.26536240512974185,0.29426469245166864,0.21888904664327835,0.2628430675176505,0.25047628972517955,0.323155248834478,0.2604345217845404,0.27463390193001447
cobra,0.21509592285335932,0.28009324540779423,0.20738890171942492,0.2335249057430907,0.23955652748906575,0.24027228270889234,0.27321378096425375,0.2605730994089457,0.3087472005664641,0.2771921061759346,0.27606718980658906,0.26041180053436686,0.2983766192686259,0.3103811288329972,0.24095970020898716,0.22030061629656283,0.2782633494933593,0.32296450958867906,0.229279423440654,0.0,0.2651969602009261,0.33407480953449986,0.2859101715670379,0.22992664495104365,0.229329315730865,0.23306464695600226,0.26576380782770315,0.2360431452336994,0.2480591687865109,0.23575375632299145,0.24151102059684204,0.25436320163415516,0.2267010225217161,0.2812511284912257,0.2560483274498744,0.20271018247410333,0.24054279466124584,0.2340712641449253,0.24266354922665911,0.21147952898495048,0.2828925090822614,0.19253132895155511,0.23954099535676632,0.27608532885068193,0.1299799621881148,0.21189638277440725,0.2671603496611503,0.2661505689075373,0.1732213332701632,0.2606684589118615,0.23917054609021626,0.22836974484935646,0.263319195390347,0.2028624559428467,0.1664896701389268,0.2673675218343604,0.3292095000740999,0.2901260138273971,0.40856183570803306,0.2755000933801094,0.2156164612176349,0.3814581224587934,0.22498688031508596,0.21571393836066388,0.26697993214428595,0.27868459288643277,0.2749421567333503,0.30169188415041137,0.28246967964872216,0.21568523964438913,0.21167315151005905,0.3514828333786897,0.24163842958112802,0.3914913937990744,0.23266221842114876,0.299225160290026,0.23654652271283172,0.43755970543840417,0.28239293670610566,0.19071673503191688,0.26722427695117756,0.37910627169091893,0.24050697636664176,0.19377864798749345,0.2225542990823116,0.22927812232311506,0.2537713447340173,0.2711345644757919,0.22057888964654215,0.23526289859817173,0.23904364237611408,0.19483487094249385,0.2509735248672962,0.22852397760203413,0.25500060693434423,0.18099933133599366,0.20355177901756905
