,animal,body part,clothing,clothing accessory,container,dessert,drink,electronic device,food,furniture,home decor,kitchen appliance,kitchen tool,medical equipment,musical instrument,office supply,part of car,plant,sports equipment,tool,toy,vehicle,weapon
animal,0.0,0.2967383722919057,0.2620133228915009,0.7866455560108659,1.1333421174438267,0.6245072903628395,0.8774151960248122,1.4726190705330835,0.9958005507714542,1.4358126373828646,1.2180514019677484,1.4678040370307945,0.8354604672793932,0.7517943393437203,1.3552901211625212,1.1683763660182227,1.5593284972846546,1.4549361390675486,1.2586585279134863,1.1522216120730948,0.3352328125184043,1.3737381831712847,1.1320688932290461
body part,0.2967383722919057,0.0,0.33675080104306443,0.9863595859186167,0.804205313422713,0.825290573975843,0.5628322153450298,1.450205504896088,1.2542365041716004,1.2298293900407697,1.6397700382696847,1.5944947102341107,0.6349752024314947,0.36536260069008786,1.5852200255439657,0.6706555199230688,1.6261701113528693,1.791634582418075,1.3192919268401986,1.1107054236845433,0.7075576080327031,1.761848071749198,1.2896684410672514
clothing,0.2620133228915009,0.33675080104306443,0.0,0.8764664509613349,0.8685843436574185,0.9351992163384831,0.9008043571142609,1.2560310198820748,1.2597229881759497,1.3016676303313963,1.1226852553342161,1.3939996827121315,0.8457219293962038,0.6250570273563572,1.227277934260587,1.0294338607487215,1.4351431451719783,1.4692200057664841,1.1517046205867025,1.218974633639178,0.47736119840771607,1.441775858917519,1.3120424359319978
clothing accessory,0.7866455560108659,0.9863595859186167,0.8764664509613349,0.0,0.8277591050642474,0.7235508344927197,0.86239955013889,0.663426041027966,0.7645926995593098,0.8249238246507524,0.8942703153799161,0.9127319110606894,0.45072080565539807,0.731280945081219,0.5403234485602046,0.7995973410394578,0.6963175795887233,1.046160532976562,0.4060050789656019,0.3918034295568018,0.4727304260684848,0.6360694579032269,0.40898097137678446
container,1.1333421174438267,0.804205313422713,0.8685843436574185,0.8277591050642474,0.0,1.1444526679058042,0.5148261573405506,0.4773610062061442,1.2872140321509842,0.3592299984789544,1.1854971398970438,0.7289018382083907,0.5254320015116858,0.4349701882820548,0.9011946416937688,0.3812530299208716,0.7771313457126068,1.2872705678830565,0.5725111997188979,0.697900791424428,1.0628714684655616,0.9789074272711651,0.8107004024010638
dessert,0.6245072903628395,0.825290573975843,0.9351992163384831,0.7235508344927197,1.1444526679058042,0.0,0.6357886076077026,1.1290781746073106,0.18534342799733572,1.2193110557428881,0.859317572324806,1.072854889538185,1.0434942960320415,1.2101971616730047,0.970961758984047,1.2106239029683852,1.0938127642737556,0.8321636300621006,0.9801449506984666,0.9830967967250446,0.4895609043929897,0.9553718598525641,0.8426945865715684
drink,0.8774151960248122,0.5628322153450298,0.9008043571142609,0.86239955013889,0.5148261573405506,0.6357886076077026,0.0,1.0101001234278573,0.8232028877110291,0.7968739772991803,1.3595200784861503,1.0807156908600697,0.6568835540653326,0.6015179365558797,1.1975009392498697,0.5834118065502194,1.1510534122082987,1.3461844406542278,0.8736309756586111,0.8779248642435468,0.8099469460341155,1.3295036485740561,1.0248257865366845
electronic device,1.4726190705330835,1.450205504896088,1.2560310198820748,0.663426041027966,0.4773610062061442,1.1290781746073106,1.0101001234278573,0.0,1.034062644174679,0.3302174375360988,0.6624784343475749,0.27984733264486306,0.7568889699037696,0.8873832723596692,0.3420432003373377,0.6721790667057506,0.1973941002662707,0.7917882637924621,0.2804573344832755,0.5755358030858078,1.0451179112402051,0.3386412956838756,0.4594619478463695
food,0.9958005507714542,1.2542365041716004,1.2597229881759497,0.7645926995593098,1.2872140321509842,0.18534342799733572,0.8232028877110291,1.034062644174679,0.0,1.1686115421421865,0.6031484077038509,0.8922189732811712,1.231037187801486,1.5030025086298144,0.7009998515211304,1.3820851001144068,0.8389125462450531,0.44160368138651074,0.8894564066705067,0.9060299771895404,0.6232441180656365,0.6676572525237277,0.7482593765418029
furniture,1.4358126373828646,1.2298293900407697,1.3016676303313963,0.8249238246507524,0.3592299984789544,1.2193110557428881,0.7968739772991803,0.3302174375360988,1.1686115421421865,0.0,1.0009318844411035,0.5325216177756371,0.5549678402765249,0.6263668653470862,0.6248674928344267,0.4132366513689567,0.5514982069039736,1.023872501340952,0.4450160276387747,0.4397951160382956,1.2018912622055375,0.6067264694567436,0.46730228081050496
home decor,1.2180514019677484,1.6397700382696847,1.1226852553342161,0.8942703153799161,1.1854971398970438,0.859317572324806,1.3595200784861503,0.6624784343475749,0.6031484077038509,1.0009318844411035,0.0,0.5777982692729188,1.3840718607794926,1.6052191922483725,0.37020123500368574,1.4944418925117384,0.593690897267124,0.18675257695969072,0.6934183447782364,0.9907471661217682,0.8496610918621257,0.34705909309612837,0.7885163530597515
kitchen appliance,1.4678040370307945,1.5944947102341107,1.3939996827121315,0.9127319110606894,0.7289018382083907,1.072854889538185,1.0807156908600697,0.27984733264486306,0.8922189732811712,0.5325216177756371,0.5777982692729188,0.0,1.0868054353784933,1.2353736267822706,0.48500494053805465,1.0167480873961474,0.3181902430343496,0.6051044867246711,0.5543911069823559,0.8275693831075122,1.1418960373772198,0.374093542537553,0.6492456904425443
kitchen tool,0.8354604672793932,0.6349752024314947,0.8457219293962038,0.45072080565539807,0.5254320015116858,1.0434942960320415,0.6568835540653326,0.7568889699037696,1.231037187801486,0.5549678402765249,1.3840718607794926,1.0868054353784933,0.0,0.23483382833726663,0.8953282309629083,0.3235590480525292,0.9434177346843541,1.5081478182014867,0.5061331794207685,0.2663236942683783,0.7767083788891439,1.0579037603635935,0.47799599753865807
medical equipment,0.7517943393437203,0.36536260069008786,0.6250570273563572,0.731280945081219,0.4349701882820548,1.2101971616730047,0.6015179365558797,0.8873832723596692,1.5030025086298144,0.6263668653470862,1.6052191922483725,1.2353736267822706,0.23483382833726663,0.0,1.1792920801300724,0.20710372494806972,1.1630751904727188,1.7690858136294674,0.7585693415758044,0.5768592680066127,0.8875860183418891,1.3512774563934276,0.8215055284193304
musical instrument,1.3552901211625212,1.5852200255439657,1.227277934260587,0.5403234485602046,0.9011946416937688,0.970961758984047,1.1975009392498697,0.3420432003373377,0.7009998515211304,0.6248674928344267,0.37020123500368574,0.48500494053805465,0.8953282309629083,1.1792920801300724,0.0,1.0742651445634928,0.3082145699495058,0.46626638982034707,0.3338424467822142,0.4870196788089529,0.7879430358749839,0.20233650603639186,0.39455986793203024
office supply,1.1683763660182227,0.6706555199230688,1.0294338607487215,0.7995973410394578,0.3812530299208716,1.2106239029683852,0.5834118065502194,0.6721790667057506,1.3820851001144068,0.4132366513689567,1.4944418925117384,1.0167480873961474,0.3235590480525292,0.20710372494806972,1.0742651445634928,0.0,0.9088819483640989,1.5160437937737898,0.6315385323481045,0.538744226500804,1.1838766431716683,1.17687489767584,0.7450643048246715
part of car,1.5593284972846546,1.6261701113528693,1.4351431451719783,0.6963175795887233,0.7771313457126068,1.0938127642737556,1.1510534122082987,0.1973941002662707,0.8389125462450531,0.5514982069039736,0.593690897267124,0.3181902430343496,0.9434177346843541,1.1630751904727188,0.3082145699495058,0.9088819483640989,0.0,0.582492179554789,0.3530167826318418,0.6264837667430608,1.11241257637406,0.3005339183253266,0.4746068478466289
plant,1.4549361390675486,1.791634582418075,1.4692200057664841,1.046160532976562,1.2872705678830565,0.8321636300621006,1.3461844406542278,0.7917882637924621,0.44160368138651074,1.023872501340952,0.18675257695969072,0.6051044867246711,1.5081478182014867,1.7690858136294674,0.46626638982034707,1.5160437937737898,0.582492179554789,0.0,0.8186773475244347,1.0020049679043999,1.1193230267352576,0.35584684931195143,0.8203254302811573
sports equipment,1.2586585279134863,1.3192919268401986,1.1517046205867025,0.4060050789656019,0.5725111997188979,0.9801449506984666,0.8736309756586111,0.2804573344832755,0.8894564066705067,0.4450160276387747,0.6934183447782364,0.5543911069823559,0.5061331794207685,0.7585693415758044,0.3338424467822142,0.6315385323481045,0.3530167826318418,0.8186773475244347,0.0,0.30100458744566905,0.7528128706430385,0.39573297910782024,0.3113546248600624
tool,1.1522216120730948,1.1107054236845433,1.218974633639178,0.3918034295568018,0.697900791424428,0.9830967967250446,0.8779248642435468,0.5755358030858078,0.9060299771895404,0.4397951160382956,0.9907471661217682,0.8275693831075122,0.2663236942683783,0.5768592680066127,0.4870196788089529,0.538744226500804,0.6264837667430608,1.0020049679043999,0.30100458744566905,0.0,0.8129294165905532,0.5861792419080255,0.16355645732487722
toy,0.3352328125184043,0.7075576080327031,0.47736119840771607,0.4727304260684848,1.0628714684655616,0.4895609043929897,0.8099469460341155,1.0451179112402051,0.6232441180656365,1.2018912622055375,0.8496610918621257,1.1418960373772198,0.7767083788891439,0.8875860183418891,0.7879430358749839,1.1838766431716683,1.11241257637406,1.1193230267352576,0.7528128706430385,0.8129294165905532,0.0,0.8784301369225825,0.7696747907062494
vehicle,1.3737381831712847,1.761848071749198,1.441775858917519,0.6360694579032269,0.9789074272711651,0.9553718598525641,1.3295036485740561,0.3386412956838756,0.6676572525237277,0.6067264694567436,0.34705909309612837,0.374093542537553,1.0579037603635935,1.3512774563934276,0.20233650603639186,1.17687489767584,0.3005339183253266,0.35584684931195143,0.39573297910782024,0.5861792419080255,0.8784301369225825,0.0,0.36331636960524916
weapon,1.1320688932290461,1.2896684410672514,1.3120424359319978,0.40898097137678446,0.8107004024010638,0.8426945865715684,1.0248257865366845,0.4594619478463695,0.7482593765418029,0.46730228081050496,0.7885163530597515,0.6492456904425443,0.47799599753865807,0.8215055284193304,0.39455986793203024,0.7450643048246715,0.4746068478466289,0.8203254302811573,0.3113546248600624,0.16355645732487722,0.7696747907062494,0.36331636960524916,0.0
