,aardvark,alpaca,anteater,badger,bat1,beaver,bee,beetle,bison,boar,bug,butterfly,calf1,cardinal,caterpillar,catfish,chick,chihuahua,chipmunk,cobra,cockroach,coral,cow,crab,crow,deer,dolphin,dragonfly,duck,eagle,earwig,elephant,fish,fly,fox,gazelle,goat,goose,gorilla,grasshopper,guinea_pig,hawk,hippopotamus,hummingbird,iguana,kangaroo,koala,ladybug,leech,lightning_bug,lion,llama,maggot,meerkat,mongoose,moose,mosquito,moth,mussel,orangutan,otter,oyster,panther,peacock,penguin,pig,piglet,polar_bear,poodle,possum,praying_mantis,pug,rabbit,racehorse,rat,reindeer,rooster,scallop,sea_urchin,seahorse,shark,shrimp,sloth,snail,spider,squirrel,stingray,swordfish,tarantula,tiger,toucan,turtle,walrus,wasp,whale,worm,zebra
aardvark,0.0,3.48058205940861,2.943302517946609,3.563443511109955,2.910561263777448,3.514728420631387,4.982702539814589,5.112563452275755,2.9362489967660257,3.0299677663375397,7.381393660886999,6.70896107796609,2.575831559019486,3.543000909690531,6.777030674609792,6.017073766217514,3.489107344081646,4.840062444071388,4.024045841847509,4.705955850056091,5.9029656229852225,9.48714085063553,3.76594434270292,8.00542177437538,3.324601682523141,3.273151989095623,6.538567156354273,7.511630740089815,3.999985868867605,3.432620062248304,6.726351556369904,2.7769822269531166,7.471932337723175,4.586877059782743,4.822497834102664,3.1443429665692255,3.1216805034989528,4.07728108502148,4.9918400592265755,6.58154373320332,4.45428314824442,3.767097079602888,2.9256196210856085,3.293427569508386,5.3327839340794805,2.87767138553681,5.225905186024054,5.16052570726809,6.794865891994854,6.732712333420748,3.9242795684728193,3.8288627915582243,8.149063973596476,6.34874579723825,3.201533283643982,2.6901076023571684,5.709702562294148,4.740010149869958,7.256907488760053,3.7206879487242386,3.5383984880705155,6.570464700726515,3.888202741280916,6.983242513347942,3.9283576686030326,2.8555855631518403,3.0434239180714053,3.722468268896539,4.001254464517443,4.893985558861077,7.410033534954816,4.616971529059372,2.7247036437670067,3.505528427548605,2.9472963288419245,3.9061990096999235,3.373164312330687,7.0514560713306755,7.147052748944609,4.49970296908215,7.624217291736144,7.18539809185539,3.0686690577340117,6.096111324442655,7.188931578519242,3.369180268411946,7.525858738077842,8.39743373119327,3.0796830411390625,3.0768312761003416,3.395663914090398,6.364842534474262,2.866885941257003,5.571600802959849,6.8781209202038465,8.413243646340277,3.3589832484405515
alpaca,3.48058205940861,0.0,4.294650286136209,3.943278817457168,3.8757154982224122,4.222763034565804,5.714942894765108,5.5410942486005865,4.456280641764427,3.6133876179390008,7.612876586685353,7.069902197540296,3.4315060754337408,3.3848288720695594,7.167052530884277,6.48356723975764,4.326703337926068,5.483813510874392,4.610722195579322,5.2198152502306145,6.1026670305672175,9.914435376008363,4.5437159465986365,8.468458727448203,3.4574675531686476,3.903423219386473,7.071435027562303,7.5013666841482,3.7148363111860143,4.055627741559104,7.111557584705429,4.391909412810783,7.97989868004539,5.030572087846839,5.85676310684842,3.661640436402264,2.639587263897345,3.766739025731998,4.710367256562211,6.863124980087844,5.241165144976135,4.136866890316877,3.89046129589124,3.638905232474149,5.712772964621422,3.0430866499596547,5.63156082100831,5.777854127945813,7.623169652854977,7.0345491059528955,4.276993710786796,3.478604647335325,8.799861260566553,5.3410383334358436,3.1111324464177357,3.9015378920073065,6.014305299407043,5.05777363934392,7.694269518044359,4.450995660209196,2.7979925720687024,7.356731917051041,4.717581869524703,6.971149578530206,3.530819458716358,3.9105241090237346,3.7113212265951905,4.261734503525041,4.352457224810249,5.494817550115273,7.69598907618568,4.836671206312183,3.030187554622488,2.8448556170419215,4.055900013926345,4.57708606795982,2.8914512428629964,7.70363105456881,7.44055277732868,4.279729896768183,7.834385407268845,7.819312422900806,4.087972078489684,6.829546098845765,7.354028150288085,4.1065559460516035,7.870621912716732,8.725617217782169,3.9367404730803055,3.426471862756139,4.03647558079136,6.81591086426625,3.9268131289342025,5.922623974070008,7.021479494440426,8.87239231813046,3.686584407946574
anteater,2.943302517946609,4.294650286136209,0.0,3.8578823019581585,3.3571078030106,3.165970751781495,4.6403684234620926,4.090020441627403,2.641181664561479,3.3076601038732565,6.81852768992761,5.821974850494685,3.4837837228440436,3.7613537054705066,5.923448235620202,5.710561376740775,4.86455512328377,6.221097258060223,5.136806387352314,4.290285102403816,4.995898212609697,8.323332010401039,2.991962088516143,7.104690969792303,3.7400672399128405,3.130375488891452,5.862652913425552,6.82394619608059,4.535801411869687,3.650652642853668,5.802060359811925,3.4944131176802804,6.842801936743372,4.0640096046664285,5.678140477917773,3.45272896558987,3.451931898148888,3.563324972007846,6.324309079525493,5.853943689194915,5.671141677108119,4.467884432489709,2.9204848777234105,3.2469893237795375,4.62265377222334,3.702912212820317,6.137335608262558,4.785016932682559,5.900061197277621,6.027610186843108,4.958907999340826,3.962394838237029,7.11812751468243,7.5530369321459885,4.22340851257369,2.7376943715052744,4.891818493042376,4.4351910526039156,6.3511511315643245,4.42349625694406,4.397961158493061,5.616741923021025,5.188727103909128,6.369694185286707,4.076623282089157,3.7186734113600903,4.655626419271652,5.032168161024696,4.360710834978829,6.194383194095169,6.689428539170953,5.5474339312823435,3.5618300936494895,3.618607981453983,4.230341556062614,3.178322890639968,3.646874211211215,6.363667927013041,6.526958283929664,4.252965750335344,7.067794800890914,6.359772268347866,3.1178254401880214,5.6789997517897595,6.240302696828105,3.879785501655091,6.93631008164194,7.529731763981192,3.1601232087503934,3.413966752586018,3.2767965459861346,5.743741743594423,3.3059355861049444,5.106530356478199,6.191513590193811,7.393194989613976,2.8611618818235054
badger,3.563443511109955,3.943278817457168,3.8578823019581585,0.0,2.4618819118496935,2.676145921786928,3.343482314725979,4.403568805200217,4.393691912421855,3.314110537525657,5.895874147855785,5.284664103140133,4.033229515280764,3.3262321878577374,4.926725014767056,4.196457323430699,4.527643240355534,6.282046221809431,5.3945081097170595,3.711893437562564,4.73385129379225,7.719189820764363,3.4679287074964433,6.481542081588623,2.8702468658609153,4.539550797995325,5.140394778589877,5.775583913290799,3.2005973276610122,2.510204263241518,5.4155160233214525,4.722669636240636,5.561950222022874,3.5574455713751605,6.525833565679733,3.799701522207659,3.7968693290941675,3.39563968443712,5.9814243249490655,5.111059363429069,5.417030374605596,5.131536421773605,3.1238754306898824,3.982303562059747,3.811383050284901,4.215291896913774,6.426449062315629,3.780418435758439,5.612165759392293,5.235212141139254,4.3290776661422585,5.003695902382594,6.812903980810994,7.075165658924152,4.358639078658418,3.877389932651089,4.597149955358632,3.2490196545038708,5.479633294794407,4.781870654446242,3.4497484564303473,5.121244946007178,4.698758896558823,5.06345893251914,3.0926793186720274,4.735776240674844,3.696828430008653,5.3881764383817945,5.025752271592704,6.178090727594196,6.000481243024678,5.593706715263972,2.4528280455846914,4.05637677241324,3.11590558569409,4.23902582120266,3.179281808707231,5.516102199130843,5.208867473921745,3.3653141417134442,5.887950893401068,5.628405776895862,3.2467142849558215,4.651350565045603,5.760698790649877,4.594493999349995,5.596018999274593,6.862114880704148,3.3224404013484365,3.5635935290155056,3.9997882299761,4.900593782167879,3.349236940954286,3.9223823332545087,5.198687704599079,6.75175048373301,3.3035614214624287
bat1,2.910561263777448,3.8757154982224122,3.3571078030106,2.4618819118496935,0.0,2.5781001546798774,3.19710733578975,3.858429051160739,4.041014859075193,3.4921424285047897,5.720734166440163,4.9433692137141865,3.6520198191075273,2.922810479651996,4.930196624272881,4.245123986463547,4.280165684473563,6.093649748850973,5.238927175832513,3.309029752408966,4.506367997371879,7.728166457217721,3.0405009414148703,6.362302883798311,2.7808191422705693,4.192257744682137,4.869319295128078,5.778809894287308,2.8657074166683967,2.330526262524517,5.271503026286437,4.046283726962837,5.651453886019812,3.4239761544162777,6.281589899483429,3.657460059808984,3.4974206155514813,3.2820488126248333,5.921083837509679,4.997939992202991,5.312065066591782,4.761201513370189,2.8731074054889674,3.305134514898765,3.8844497402331863,4.077501567027822,6.170990128205452,3.3875335007889116,5.17222317189205,5.077324490635093,4.446452120200779,4.6290957200896585,6.508006346702019,7.203319762845023,4.215547070703992,3.3404810186443714,4.227804805955302,2.945400188094623,5.454775586060114,4.51797152657967,3.739019238133444,4.810143965984797,4.647735200511465,5.167147731843292,3.0754786719714,4.245570843321985,3.550925043033501,5.209297051985334,4.893300472057648,6.1374787790645735,5.7794092070599214,5.373428552013941,2.4616786804146678,3.7792701888239564,3.345484392248792,4.089997623118783,3.2132376093682344,5.181788448805477,5.239279357438545,2.937748314404254,5.9099568143398145,5.482786219492856,2.960643775766874,4.357212360355623,5.515554104046073,4.430475075072723,5.604692846486326,6.607807556862645,2.8351026503211023,3.404124756056183,3.3112901793343408,4.841823868629941,2.6659328838021654,3.6452563571127214,5.157458977578185,6.7541091377094835,3.186284515940022
beaver,3.514728420631387,4.222763034565804,3.165970751781495,2.676145921786928,2.5781001546798774,0.0,3.137395552385344,3.167143459356217,4.052749041602842,3.6425019907097043,5.2039028165420405,4.341630187291163,4.279610876223166,3.4246415766526375,4.333036998555261,3.74449673093898,5.240367314797026,7.136033998904345,5.978959812914552,3.607255090866498,3.598552958403075,6.898763107276991,2.7112819136972752,5.512874165005114,3.0167385778795377,4.387369975187194,4.369075969837524,5.006179086732197,3.3403523044779284,2.5774639008792857,4.415025509652162,4.746368869894873,5.052508709227898,2.6514633985015683,6.93611668279556,3.6866710964475926,3.605753841772047,3.2034208945227847,6.761863271085336,4.253908558687115,6.306777738275169,5.340351217763952,2.3246622946541935,3.6070621864675134,3.067595436238882,4.3810671924688664,7.102522864648258,3.2339084682113306,4.61766196096671,4.403605568494228,5.175559808413776,5.18790695597528,5.935279675628286,8.09061311900588,4.832297958730115,3.606034960078807,3.5858928033048905,2.7220950051210884,4.763455623212099,5.270350078826126,4.067980873230007,4.2861070334413665,5.692366800976675,4.4844959613016595,3.384171941200634,4.929540622855003,4.55277528854219,5.848939956670999,5.4345541365957795,7.000609453266847,5.121603241657694,6.376890361238128,2.7996614656407,3.4357547004273163,3.891392714527861,3.7169017380101743,3.0944127701324553,4.748605104085188,4.54703865206442,2.8097178584015103,5.189427917990141,4.883050918263064,3.3647029314860326,3.9240590636868786,4.924386318492747,4.795544062962892,5.0503330328303795,5.940723939619079,3.309181765801647,3.7503029948715705,3.839328247983718,4.044024199174929,3.4991294518126335,3.29500961546215,4.458101774845148,5.9395900517170706,2.8061593346701867
bee,4.982702539814589,5.714942894765108,4.6403684234620926,3.343482314725979,3.19710733578975,3.137395552385344,0.0,3.7773278697873427,5.688951409287936,5.362032451315603,4.186121332047496,3.721518670146522,5.701970708764562,4.472641397226666,3.2895859139300416,2.681714929849913,6.274995799639518,8.213473093963866,7.413100946604577,3.8253912055307953,3.8486621696436303,5.753463435642535,3.5604563554685,4.6348294078469285,4.1367756149379415,5.877163878080342,3.3407722011950285,4.1432358117455825,3.9308249854039103,3.116317420934124,3.7675219372635023,6.142971110623006,3.7100865280235333,2.9351296262246658,8.335580668493396,5.140122319599606,5.126240581867254,4.062263212079633,8.132109721712892,3.508424203068902,7.333284022440158,6.89415111447737,4.119347762961673,5.197724566263009,3.10053707149234,6.019667853452451,8.333207993104335,2.629506498067445,3.633402490279702,3.690412917672967,6.420491573384745,6.669779006949893,4.716023908927083,9.262519671035975,6.409117633956935,5.249830093983853,3.4164049447059934,2.8285364062267444,3.867564952851107,6.521355577829286,5.3793005174809645,3.2097890198286705,6.647096287325492,3.487037913160138,4.003862859000496,6.32996966778108,5.5969130278878305,7.415236827210238,6.831688672558552,8.326315621445207,4.033175194511813,7.570661616399777,4.077552971702002,5.19447365830382,4.9188078728055125,5.152262669413937,4.374272502669374,3.372263090649762,3.348951637163829,3.1503453377109545,4.10446274184835,3.8109478545573596,4.3635875775266095,2.6914741634385675,4.766492574919528,6.390776930297698,3.744815995987769,4.985502168235923,4.51599374324847,5.118993275827295,4.924926588070233,3.578091503073688,4.640294197194418,2.486679254436232,3.5744640287552234,4.919600285630848,4.309845809404184
beetle,5.112563452275755,5.5410942486005865,4.090020441627403,4.403568805200217,3.858429051160739,3.167143459356217,3.7773278697873427,0.0,5.081028113921753,5.377198044666776,4.180655567085287,2.8439274372201155,5.4362348086322685,4.71921023879754,3.5794814276757205,3.785415895526016,7.050003748192771,8.747864123651336,7.617872976094227,3.5726070419272653,2.4051336168699717,5.8256925093687935,2.5556490855918605,4.308522878526041,4.259346659375933,5.223870738051514,3.687320937146882,3.951499127521939,4.172019610307419,3.922596757303321,3.600974746317711,6.1080469823460435,4.580991667101719,3.008005250854143,8.528073325801877,4.594335993320224,4.463995791584414,3.9367768235054994,8.406040983016732,3.5865491747182405,7.978807163920912,6.60336516499493,3.5372268037926573,4.311047985499756,3.149239107321196,6.029241780743499,8.645948040440691,2.844711918280784,3.616679108276785,3.591920931188147,6.7726582383288365,6.136630194530001,4.673241583037112,9.6164731280372,6.186951698022108,4.691606114545787,2.438288040491057,2.755115283341294,3.8777025364845343,6.768419732828755,5.415979427389556,3.556665329783593,7.3353568083085765,4.01696317045646,4.338714636715522,6.259797327409699,6.109121564395082,7.469787955118635,6.687448722644232,8.6440827976771,4.0742297033895065,7.752234893690875,4.569346825018435,4.312283946060321,5.598488551071406,3.9708261076827296,4.289010827597642,4.047233350633043,4.1532478906095776,3.2886931744587513,4.582193579824819,4.030158316104419,4.711304885708123,3.7745222039622623,3.9234272657033027,6.294229241307121,4.418177236506865,4.566559161805025,4.381474165548294,5.012772775556349,4.57593263216827,3.6571489655118548,4.788866863216486,3.1496181840983093,3.7533415605150173,4.472251602157518,3.5060749729921312
bison,2.9362489967660257,4.456280641764427,2.641181664561479,4.393691912421855,4.041014859075193,4.052749041602842,5.688951409287936,5.081028113921753,0.0,3.1073885374015147,7.9428976858884015,6.801931717382144,2.826185325858644,4.224954216569873,6.969466060125545,6.722648361432615,4.556897592069558,5.502871457839474,4.452811893311416,4.820614967259502,5.953295929443735,9.299006264751362,3.8911470081649018,8.154505792372461,4.118979941632915,2.8718931905677656,6.8479016369812005,7.924055564220676,5.1790383236531445,4.185426356256798,7.005745732814113,2.991571586048562,7.816501108441563,5.239580889637228,4.740132025074502,3.4250893286669206,3.738243643837219,4.4543836844190885,5.68877225456884,6.976898592888008,5.04209854935726,3.848926530529493,3.2984653385100366,3.6753817911934483,5.368773985309848,3.4376629633451183,5.530607603272546,5.738001250029229,7.042291001608094,7.233320020470598,4.228012221512435,3.7676964322219257,8.069399999914488,7.092272616032691,3.6050101365449687,2.422913132269125,5.997807930576472,5.131962622962423,7.287186081527224,3.93658585615736,4.408494164148335,6.642041513311342,4.759968308536465,7.3919267475119295,4.763981008654902,3.2792044597844923,4.41648498536106,4.190383927652566,3.7790263164760396,5.374400639167907,7.82037340405695,5.058197295121049,3.855125842666427,4.172829397615878,3.9789607770008284,3.410557282533518,4.09095614635847,7.395148981764669,7.496855790098043,5.151155957258531,8.153423918153903,7.270185999899017,3.31362388209473,6.780869904106279,7.074582940178527,3.2137084079318465,8.03440803151211,8.652563139993173,3.565080714392895,3.1535689098807427,3.83946142197892,6.715325482060864,3.191306209453329,6.132219100366561,7.194794879979266,8.386934216358346,3.4216119136531
boar,3.0299677663375397,3.6133876179390008,3.3076601038732565,3.314110537525657,3.4921424285047897,3.6425019907097043,5.362032451315603,5.377198044666776,3.1073885374015147,0.0,8.00350999424312,6.8674281364630145,2.9532238523956935,3.3013944622847142,6.766155082141463,6.446187701398371,3.938399086702918,4.892522010616489,3.9064769164687223,4.517879888232224,6.065329050420593,9.37160104786474,4.209510924163567,8.314100781467996,3.5311331341536305,3.4060359349149145,6.780644072673205,7.789382322184707,4.307200066593121,3.631777974224119,7.13586061442456,3.293261862105816,7.638386908295289,5.089477328552542,4.771060130600746,3.643615227004562,3.641715892126985,3.5576598160045783,4.711098002076598,7.05645506940992,4.261546692861494,3.549611841772276,3.486784373976682,3.6112095730150693,5.067791704139031,2.7912965745888787,4.7163815211980396,5.553598386257987,7.259104258872188,7.213271016372775,3.2852337537234173,3.7315254349034483,8.32846623182902,5.928107144577943,3.1082276117876875,2.906421827860082,6.181928039009158,4.656145893478526,7.149458295686818,3.2407887255277763,3.7136524330064873,6.703883838916707,3.8248636399034455,7.062606230479546,3.909979217796574,3.426613417498963,3.620797404047755,3.8681263641969785,3.205330007139075,4.684162224420502,7.871957265746117,4.152911643950833,3.0160855792020422,3.787461981532695,3.432802457838996,4.258825930173374,3.401790729456666,7.337145624758819,7.21290413522522,4.578454281845871,7.919080520870616,7.249322538933602,3.172872341853179,6.61983126856096,6.808179962182529,2.8841439272613445,7.682296815328776,8.683767935843617,3.124610229592691,2.8747210258662994,3.7589548210876247,6.730917613427901,2.880829524630426,5.85827794430613,7.000381024442704,8.514641492149122,3.2118135239964007
bug,7.381393660886999,7.612876586685353,6.81852768992761,5.895874147855785,5.720734166440163,5.2039028165420405,4.186121332047496,4.180655567085287,7.9428976858884015,8.00350999424312,0.0,3.3398754295518045,8.111363553963734,6.83859651304034,3.6097199086195153,3.0211713403152594,9.107925932946396,11.117257831623341,10.209447543714056,5.768910524884154,3.316942117738767,5.048478916515087,5.048903916505248,2.8512586275124123,6.263354315130426,8.054143298650935,3.8330727453223785,2.4349189775037714,5.603284598753333,5.670791707462505,2.601318794583779,8.655810318570493,3.4777868081850705,3.8340832789922157,11.13492554709977,6.784807929434019,6.797634047480003,6.179240113187364,10.642179962827663,2.5411668326532606,10.33118811427677,9.421612530170233,5.825753327908028,7.061385400959898,4.81428706575484,8.456017756443206,11.299827404394465,3.5704465960879026,3.2395110383793804,2.246424393789497,9.174682857604166,8.817738775863877,4.456598152934864,11.760813960684226,8.7442032971488,7.523381685559742,2.8951125812580276,4.4117739794183635,4.13458042192943,9.40096877994434,7.443568413595527,3.912077712855189,9.529627143141372,3.4167007497802846,5.993077936064297,8.811137220145664,8.024887107408443,9.993211785940893,9.58787132781478,11.043285343981509,2.726325275263174,10.28336468261724,6.397688059622613,6.597498191382397,7.528882734186981,6.32933499141422,6.462193625903264,3.449175982313488,3.4143266531600416,4.818171213697469,2.7854690600600542,4.1645059574652645,7.0192371305385315,3.2183138501334563,5.250831913881227,9.098631389342385,2.9264912545101227,3.2828931397421592,7.030054886518513,7.561231622220414,6.955014533336858,2.8518642579954143,7.150242637342246,3.204358788800316,3.323565926605192,3.6682675594290495,6.223683179934633
butterfly,6.70896107796609,7.069902197540296,5.821974850494685,5.284664103140133,4.9433692137141865,4.341630187291163,3.721518670146522,2.8439274372201155,6.801931717382144,6.8674281364630145,3.3398754295518045,0.0,7.06165112654637,5.84727428538765,2.39406950344812,3.2587473433689276,8.428079072588124,10.234695748894628,9.13296228590961,4.17685060710016,2.9174666557158075,4.201283489882326,4.021946110804242,3.020235957801712,5.371583603784453,6.919466934039277,2.932345520413497,2.8104668171801652,5.033001723576487,4.798398483860669,3.163368266396035,7.686755117043083,3.00994784363025,3.6851599384898197,9.990993707922991,6.147160632162756,6.213887312965211,5.046381987197596,9.855049810491394,2.9547414738758073,9.279769747428684,8.166850728311637,5.023034234428257,5.979037841852171,3.166188022550532,7.647163590740434,10.102513002374048,2.775272208661326,2.7156603229334784,2.805887262018665,8.072434215218653,7.9103611863612135,3.280348172496587,10.9937143456067,7.787677334297804,6.383134813891991,2.628946650753302,3.154268348599105,2.650712408921583,8.223462164099567,6.83261407196231,2.5763613194002954,8.659502571330597,2.856374090641012,5.257671806056729,8.010523974864947,7.418666362211496,9.063771905958749,8.255981585750778,10.140776531250243,2.8784539286552437,9.257544487543203,5.773518531667732,5.986056137402826,6.773510351488527,5.669362676525515,5.651790618867627,2.763185565737799,2.934739976430202,3.968233966584447,3.4711128741391164,2.7264679794523383,6.023807597869522,3.2508606057287452,3.1179969337688984,7.887576345248728,3.026713541943703,3.049994929238415,5.7928076086969025,6.4286524266062175,6.022500634922806,3.225117335455996,6.17536022576113,2.7819178831941227,2.8354029221624404,3.0093586531272245,5.114576179814056
calf1,2.575831559019486,3.4315060754337408,3.4837837228440436,4.033229515280764,3.6520198191075273,4.279610876223166,5.701970708764562,5.4362348086322685,2.826185325858644,2.9532238523956935,8.111363553963734,7.06165112654637,0.0,3.5727787031086886,7.229814720865287,6.842069217098157,3.4616851616172903,4.317265861872196,3.339719977723344,4.665976648289267,6.361021007810233,9.952139065180903,4.020000194923539,8.677091074858529,3.5179377295210075,2.4757135242112516,7.093763991163731,8.13324417286404,4.335311543899244,3.858624386668461,7.403812165358915,2.877784395712664,8.062848020162457,5.3475250862975905,4.0522750093826705,3.114882779610456,3.126273261185568,4.132774386115495,4.366159077295002,7.210242790117494,3.9166190033032904,2.8117328566560413,3.5528421596155346,3.018856038842404,5.634459240095033,2.5405237467343573,4.464046218452182,5.715263302739556,7.552901489966083,7.450749011685019,3.155548401488773,3.1089264048258025,8.580216774598075,5.540809709287701,2.3124360149496255,2.46369339231241,6.285039957341043,5.090129589692041,7.618899874823869,3.255247210150672,3.3373788047606467,7.130508328924924,3.5549966887853532,7.488024772281769,3.984203261625973,2.712408010170647,2.823709328881612,3.1875543584452752,3.0582418181270965,4.373590292853912,8.110070409583633,3.903641324128152,3.0943193397614626,3.846318796585776,2.935683724746443,3.8278441261392184,3.4886520625921973,7.613995706553234,7.743716505434198,4.9528250451690825,8.370599047445799,7.579527258457834,3.140206983889157,7.0094369687598554,7.357568535747438,2.786596856148863,8.195678822389851,8.936275895336138,3.137796582823095,2.5966590260093763,3.397745542099353,7.119313811657808,2.8443831394244423,6.231085205054666,7.457218132637609,8.929082598756121,3.545444313061625
cardinal,3.543000909690531,3.3848288720695594,3.7613537054705066,3.3262321878577374,2.922810479651996,3.4246415766526375,4.472641397226666,4.71921023879754,4.224954216569873,3.3013944622847142,6.83859651304034,5.84727428538765,3.5727787031086886,0.0,5.934841338479336,5.607304108097429,4.326757562354739,5.739401704258192,4.615566041035026,3.8160564428090984,5.440955845986127,8.72886127045128,3.7724347486334273,7.503587116817372,2.703186977681036,3.9283230929460773,5.765789003974675,6.682265404407789,3.1790766702286635,2.8252254116822977,6.198201908378759,4.237683877239443,6.7563837675536105,4.120235916076952,5.920086535400031,3.726428550230743,3.321297478492793,2.594310740695305,5.336241311170244,5.945869324266162,5.109523067431098,3.8505179113283883,3.786877784819781,2.8888840439467116,4.607306577208884,3.4636172553285145,5.662308025148234,4.5987180580927625,6.483003398589845,6.092452906457441,4.199817065408742,3.9323472233529873,7.607050402875688,6.065319303748083,3.8658857096633015,3.499733357351457,5.192029319908606,3.9890037135577034,6.403080372755295,4.331098222984776,3.492981285639196,5.986521554283194,4.608234396367052,5.922822021667151,2.491197254503571,4.233009672961283,3.837582076056312,4.689309796065546,4.231944878783101,5.8958223610156,6.772042957004269,4.9397056403365225,2.831442045263279,3.3709862334533596,3.85945924700311,4.465611296329013,2.3958620728292668,6.406217604804251,6.434581748315622,3.2627826225112737,6.913244462404988,6.561797287389531,3.501836152899591,5.6821716752026115,6.125298517829628,4.061458096039273,6.688362096603569,7.569911535230522,3.183070650343631,3.3422564371989107,2.904284407054565,5.960670265654429,3.0696227126486386,4.716884953500633,5.994805095516353,7.778001149745449,3.2770442212898625
caterpillar,6.777030674609792,7.167052530884277,5.923448235620202,4.926725014767056,4.930196624272881,4.333036998555261,3.2895859139300416,3.5794814276757205,6.969466060125545,6.766155082141463,3.6097199086195153,2.39406950344812,7.229814720865287,5.934841338479336,0.0,2.7282958911535897,8.271392491592662,10.197288480510734,9.162445413109099,4.335103686743943,3.3044412863842645,3.8534943720303754,4.295676520073485,3.0817656067922816,5.318551275441768,7.171793387876091,2.5866032526389313,2.8565341075585446,5.163806698874203,4.616962637737881,3.124500886169104,7.765351822673768,2.330119537255194,3.7348736375719165,9.976081402122759,6.203861761179256,6.460971598717092,5.091884034884907,9.974738087940631,2.9182659693672326,9.304584395220495,8.396901110851474,5.119211842665492,6.389012522898574,2.8560063555453787,7.704476979151964,10.167076620195322,2.8940335030494238,2.6715904802382338,2.8909726926793162,7.964809566009416,8.070592477483219,3.4184890674437205,11.067120950456596,7.909598635199543,6.61471216287934,3.1464937647167597,3.190264230761168,2.5925212097884596,8.355404024516492,6.990927183759403,2.4707560035868728,8.583840987220448,2.522524044995937,5.352503233607031,8.181999668937479,7.391387939903586,9.089078635533296,8.380187872960581,10.212768840706262,2.7790817556461356,9.409204007329055,5.640126624006555,6.345034162521066,6.576891566436251,5.865650722298528,5.6857584774917465,2.471377210210517,2.314158577998569,4.0612464023902,3.049135581311964,2.3545520173028285,5.934835744707681,2.79075443019095,3.2616118239684178,7.971056663201701,2.498766070249423,3.1825818607510676,5.960542463662575,6.553062817257696,6.407428933894875,2.8328629409857764,6.377158645812882,2.783588572226655,2.3242525831702743,2.813966747461209,5.240266900856662
catfish,6.017073766217514,6.48356723975764,5.710561376740775,4.196457323430699,4.245123986463547,3.74449673093898,2.681714929849913,3.785415895526016,6.722648361432615,6.446187701398371,3.0211713403152594,3.2587473433689276,6.842069217098157,5.607304108097429,2.7282958911535897,0.0,7.64952305436433,9.680209844574591,8.788854844402495,4.603888898774444,3.3670359520741098,4.9719397071285245,4.205464500901398,3.322401729157568,4.941878168839517,6.990534845323782,2.9371285941956407,2.817434338121844,4.578358993913582,4.214707303542419,2.914076347096373,7.288437827516536,2.7001380039129916,3.0687845626973433,9.724877991240362,5.785487101695619,5.804682751829952,5.059882380509829,9.31630025384361,2.6146233614004886,8.885949776029078,8.15401246958207,4.56439245896081,6.111277869819748,3.364940184317465,7.094804001638754,9.846700091569614,2.667812750579398,2.966619949128583,2.6347008727987595,7.60942145808042,7.7416802822163895,4.319120905435835,10.508867381070095,7.513410877809478,6.336189563548508,3.0511528936154075,3.089331690554343,3.517558890102812,8.021254696649699,6.291115338378549,3.0518618641362405,8.007240614670405,2.6170769233234954,4.9521059963666385,7.625325774475001,6.63171904244543,8.642482200978533,8.273283020723156,9.676653209863895,2.975410635679515,9.008656844991888,4.881229783921472,5.7682752886513535,5.990948931131397,5.617089392286115,5.228889244143912,2.863322436697757,2.6928311332097303,3.694919465183219,2.6329613404799894,3.4569882885435628,5.60478515074331,2.1227491239881036,4.61225531192041,7.730345400219768,2.6155424561050773,3.8453529675346076,5.7653082279661945,6.310551467026344,6.094267360377398,2.406203404128926,5.800860009119257,2.2373240959006395,2.7350545252013636,3.8685555031925243,5.0571543757750685
chick,3.489107344081646,4.326703337926068,4.86455512328377,4.527643240355534,4.280165684473563,5.240367314797026,6.274995799639518,7.050003748192771,4.556897592069558,3.938399086702918,9.107925932946396,8.428079072588124,3.4616851616172903,4.326757562354739,8.271392491592662,7.64952305436433,0.0,3.2759396873063866,3.085690861000923,5.814343456041365,7.724417024386056,11.059246809783797,5.744220075511628,9.884450371755232,4.5851885166452195,4.2986016183747395,8.222643749196026,9.25219000388346,5.182831042492935,4.596831751538431,8.533285485440425,3.8608416729939483,8.95445236582002,6.434298630569926,4.1109157010716,4.841927224907212,4.451236685220863,5.308786163439913,4.043693875926239,8.284186960589626,3.2369043916849574,3.730392302195081,4.964408956775443,4.477456410014864,6.842552405741864,3.6621536950918796,3.943662656009695,6.738436536749067,8.653928966482189,8.531128550658593,3.23337667741833,4.184915476062438,9.73066064862002,5.039374406894273,3.246089586518274,4.134335347932583,7.619234273523074,6.265825949665301,8.791345453088097,3.298229017237622,3.9653462200389478,8.148622571499333,3.118522741175749,8.530345307748963,5.0509965785623105,3.2375327303969574,2.9883751618054046,3.3166793329191693,3.8291818198631846,3.7090162659116035,9.219572007366619,3.5404607721764316,3.8931511114903103,5.3738683087683095,3.2819566438974643,5.646612361374436,4.62986786294786,8.533665457659552,8.540066149015454,5.865768366490287,9.338594594059089,8.695520972323031,3.880365029721234,7.711672620866252,8.68114138269651,3.4115963417666766,9.125633680233783,10.192202180944834,4.332567142692144,3.8931590844797013,4.444503720869592,8.195914257222618,3.8086988791535745,7.1122079568169205,8.551963647031766,10.16843429589531,5.190034333216264
chihuahua,4.840062444071388,5.483813510874392,6.221097258060223,6.282046221809431,6.093649748850973,7.136033998904345,8.213473093963866,8.747864123651336,5.502871457839474,4.892522010616489,11.117257831623341,10.234695748894628,4.317265861872196,5.739401704258192,10.197288480510734,9.680209844574591,3.2759396873063866,0.0,2.6956668948614593,7.2859972597344616,9.647064418601044,12.914734933996298,7.379162084052003,11.858651050927174,6.0922571050505026,5.008755508964973,10.040767606685753,11.186967055782631,6.74653901890768,6.432802529603975,10.52794584724228,4.6441754987422765,10.916879844037162,8.318622894765909,3.262050812683986,6.21245854374964,5.87775592117278,6.620800690396,3.6691326321226057,10.283775566322248,2.906688511774275,3.9492634585463557,6.729261753783253,5.526285413907885,8.661523576539436,4.428472219610784,2.5880554916199054,8.598208592085157,10.615493057016494,10.526816087819798,3.698056322828323,4.630377620974714,11.550818053723,3.989572467907506,3.879920620009231,5.1469584137938424,9.44765286581384,8.03663342686551,10.621577393706648,3.692198925995015,5.139605329050467,9.988267784170379,3.085412655036151,10.421103535117021,6.461951268580324,3.8555433520998057,4.076548486193094,3.2826380665815114,3.7941991266725594,2.7590070932802515,11.162442658847102,2.929022227536463,5.454370156596149,6.696151600619898,4.81207779530419,7.00799164498216,6.121934652646611,10.465919670118542,10.563212703499307,7.663278966180719,11.31674107194556,10.528973724246702,5.249468553538972,9.769493838154993,10.29721675746059,4.016331595390278,11.055705032993153,12.097713957716266,5.674684502828035,5.007304926797917,5.607785753014059,10.187418219029096,5.100178141658765,9.068617300488592,10.474829857088734,12.06224004467655,6.481593326551151
chipmunk,4.024045841847509,4.610722195579322,5.136806387352314,5.3945081097170595,5.238927175832513,5.978959812914552,7.413100946604577,7.617872976094227,4.452811893311416,3.9064769164687223,10.209447543714056,9.13296228590961,3.339719977723344,4.615566041035026,9.162445413109099,8.788854844402495,3.085690861000923,2.6956668948614593,0.0,6.259925899098373,8.571570516937951,11.878869104861439,6.206968680690166,10.812372294688071,5.024801288302101,3.954919335338302,9.056476364423176,10.160800409568603,5.770387475634503,5.466025485572266,9.546438535661661,3.900754064293464,9.943689296579837,7.302637871796573,2.9899788545075063,5.029391076388691,4.960095141602553,5.594842432054621,3.5395523159641864,9.284644830859147,2.7776908868975747,2.722792700126941,5.581602106409953,4.344934417993881,7.517983591320156,3.5782844093821975,2.941452403108919,7.669828214684857,9.652841249940813,9.530985698505962,3.160622358727125,3.7209948640426314,10.627999927094358,4.074016524532262,2.9456736582283116,3.9668595561818436,8.413307388269128,6.953568674769678,9.506838561088484,3.123475586093731,4.2376217032377665,9.013536299014207,3.0565145491343015,9.386466912735367,5.390697991136883,3.2659235738645576,3.5519820689548665,2.4002479134543466,3.015276881688298,2.98546746760969,10.1881680864357,2.831791205121459,4.571369765368421,5.6154496664154925,3.917447364381006,5.834005020303329,4.994207161833854,9.549483394370643,9.639055230274437,6.674275443016823,10.350459214724575,9.57708437957269,4.4575205971952325,8.930458981772874,9.149556058862675,2.948850310670836,10.14004861253168,11.031656520669483,4.469077886689515,3.910875097200453,4.670246188302715,9.162178081131886,4.258258527458164,8.111849449627194,9.40979101105376,11.010639049285079,5.25111401640037
cobra,4.705955850056091,5.2198152502306145,4.290285102403816,3.711893437562564,3.309029752408966,3.607255090866498,3.8253912055307953,3.5726070419272653,4.820614967259502,4.517879888232224,5.768910524884154,4.17685060710016,4.665976648289267,3.8160564428090984,4.335103686743943,4.603888898774444,5.814343456041365,7.2859972597344616,6.259925899098373,0.0,4.441934429922473,6.705994400870992,3.467576061035004,5.81839089992045,3.314775796154182,4.8000778596548885,4.251061929903726,5.240929214771872,3.591975539707611,3.0087857088940666,5.288851445596179,5.224024354280453,5.165829567517638,4.286352643613708,7.173715915134164,4.579165619818356,4.661797698363996,3.467916847717812,7.0374462146642305,4.9435357662206965,6.479500817136079,5.285496042322396,3.9552860613580187,3.7697772107593366,3.2568796730161558,5.314921624736414,7.056648573886739,3.563480321810652,4.85866967896508,4.94203162668559,5.350313423016519,5.559269130207598,5.481506436972834,8.063073896060203,5.242103573732346,4.26880937987568,4.220464498872269,2.851300706367142,4.409208937948051,5.7717839381187535,4.850729263921105,4.1147134934239205,5.753056156523677,4.4944918553117725,3.513187170918185,5.6509391990622895,5.070884184975031,6.312705370645137,5.460688220281736,7.392068192553211,5.305064035235478,6.401659301616792,3.9342986361712793,4.8962482916605214,4.613443381567111,4.5837187843678455,4.184517878767916,4.5692913288213655,4.895969731968248,3.185939108327092,5.767384231477783,4.453471102172159,3.7098030906778363,4.728827791458522,4.266268470103957,5.519260755827392,5.343349553984268,5.863889234789952,3.633377657178572,4.123079035768752,3.869589188448143,4.847528065240911,3.8997328994735403,3.838243851448,4.552419376691919,5.776553945921734,3.563914179134976
cockroach,5.9029656229852225,6.1026670305672175,4.995898212609697,4.73385129379225,4.506367997371879,3.598552958403075,3.8486621696436303,2.4051336168699717,5.953295929443735,6.065329050420593,3.316942117738767,2.9174666557158075,6.361021007810233,5.440955845986127,3.3044412863842645,3.3670359520741098,7.724417024386056,9.647064418601044,8.571570516937951,4.441934429922473,0.0,5.341846118828935,3.398333389355106,3.6394442785876264,4.901811727620893,6.187882658071855,3.776117006630601,3.3134527252775787,4.76665219800651,4.419155208020494,2.8155244111029907,6.946296246943363,4.116709191446945,2.935365340516903,9.3625602299522,5.081961256051675,5.251022516468842,4.684857274758731,9.137877365582717,2.866253779733906,8.8405353182064,7.629188258506155,4.040276459817595,5.4238038015261685,3.469189014734969,6.706438836384926,9.611681460153545,2.961631520385818,3.284118038317051,2.805063031668339,7.514112660766772,7.037623085853603,4.560147785838775,10.410970890202515,7.012478116169247,5.585295645829177,2.2479235380197933,3.1910464263227305,3.868051167842256,7.676954303113793,6.133893794419806,3.639523133702473,8.181687998293233,3.6490665449698545,4.958616306071688,7.165774189735471,6.814979334669476,8.286188633183942,7.722411993075665,9.49435128259634,3.484297043737342,8.682817317524085,5.103359110854203,4.9712568333861435,6.293295955123894,4.472163186670409,4.967723060146588,3.7773539594629493,3.562802692836667,3.744771080736858,3.857769744486171,3.9946557295376715,5.482617643999365,3.430723191328201,4.101453307499865,7.183355732321136,3.8616024434503102,4.046941941564612,5.407525550120634,5.860075174244666,5.546182769806758,2.811616477708062,5.597987396567964,2.98731837554675,3.317661063917227,4.044516899653527,4.442567087354877
coral,9.48714085063553,9.914435376008363,8.323332010401039,7.719189820764363,7.728166457217721,6.898763107276991,5.753463435642535,5.8256925093687935,9.299006264751362,9.37160104786474,5.048478916515087,4.201283489882326,9.952139065180903,8.72886127045128,3.8534943720303754,4.9719397071285245,11.059246809783797,12.914734933996298,11.878869104861439,6.705994400870992,5.341846118828935,0.0,6.796144302670889,3.232751912461291,8.065151592794154,9.627907887599989,4.394221572232111,4.104517319113668,8.033564515354643,7.3898530199522385,4.7759170867859915,10.28570147653858,3.4571371426307014,6.387762484653872,12.493530408502417,8.964822051264171,9.02661129129848,7.730675939115175,12.633117354890118,4.699900808409542,12.010912901948984,11.062982987515703,7.638159468838933,9.075504882634272,5.028409067820884,10.445043504142047,12.717152031657037,5.643052977069384,4.143667717508836,4.822414844033533,10.61906720959559,10.6607077852669,3.1617971220606216,13.827584162762054,10.659061482899096,9.142397603148034,5.26524280441511,5.747583072315676,3.4231262537910934,10.916683227487262,9.726811297594097,3.702938906758677,11.259141655343448,4.01247474865546,8.053640876863504,10.754505401628093,10.247930592957536,11.789251152608168,10.814458374273524,12.897058981633363,3.967888979424609,12.029119766420568,8.480335186355898,8.951853241459025,9.4642858208599,8.236116057047315,8.44893692939713,3.719834737370308,3.7004851343352576,6.581967390557686,4.338297885364735,3.3595321775588163,8.394664510374344,4.892714603545732,4.451697880802575,10.524070334021442,3.9766666925070213,3.6106504501497554,8.564895179943724,9.187346658906312,9.03336680213928,4.741155540435301,8.848705833964438,5.35609154698012,4.082075697763333,2.8130231312662737,7.868125535104485
