,aardvark,alpaca,anteater,badger,bat1,beaver,bee,beetle,bison,boar,bug,butterfly,calf1,cardinal,caterpillar,catfish,chick,chihuahua,chipmunk,cobra,cockroach,coral,cow,crab,crow,deer,dolphin,dragonfly,duck,eagle,earwig,elephant,fish,fly,fox,gazelle,goat,goose,gorilla,grasshopper,guinea_pig,hawk,hippopotamus,hummingbird,iguana,kangaroo,koala,ladybug,leech,lightning_bug,lion,llama,maggot,meerkat,mongoose,moose,mosquito,moth,mussel,orangutan,otter,oyster,panther,peacock,penguin,pig,piglet,polar_bear,poodle,possum,praying_mantis,pug,rabbit,racehorse,rat,reindeer,rooster,scallop,sea_urchin,seahorse,shark,shrimp,sloth,snail,spider,squirrel,stingray,swordfish,tarantula,tiger,toucan,turtle,walrus,wasp,whale,worm,zebra
aardvark,1.1102230246251565e-16,0.14006817435505514,0.2046749996196302,0.22888061456986442,0.1807073595914226,0.2735480409030895,0.33538508690112534,0.34172051837858264,0.1212061988418992,0.2452037998255675,0.7082572880217369,0.6590850260272254,0.1282982706981094,0.28752690934098446,0.5659859175773425,0.43707062770651406,0.16590292269348983,0.10899102364381186,0.1302655371406367,0.4643732201330161,0.38588492572998434,1.1600495865325005,0.21297178760391489,0.724092494561703,0.17539169016432987,0.13402772088304504,0.6101113267339731,0.6635314414771747,0.22286766640483135,0.29491998072547165,0.5049700489330404,0.11856572924079956,0.8216404012715262,0.3376784731139575,0.12331710194930379,0.14458683709810827,0.16958008746510767,0.2228400397506196,0.14553745115778083,0.6047773552418746,0.14841723768213944,0.14877864164641752,0.15921566728118952,0.15318517224042583,0.46272928707090455,0.12886774405412482,0.19839699667834232,0.3847287820827293,0.4731842016889244,0.6262974584589089,0.1696366795818942,0.12699308962085765,0.8121365981063342,0.19322153417960852,0.157921593508642,0.15042376171143124,0.435218874079207,0.35200937238946184,0.8141788900662708,0.18160613031084294,0.24474871217395355,0.5919031204750316,0.1750956017940689,0.7782843198232507,0.27410874237881044,0.11934344445908374,0.13897565413176982,0.23741845652089666,0.16353232200875012,0.13364350076739306,0.6263048841758965,0.17259319391134564,0.1810541728101288,0.2579393158275082,0.1688905214183346,0.23051713614613412,0.16210448149010936,0.5892879723172149,0.8480597569766624,0.3072446286879599,0.6439960094995388,0.7657816556194015,0.2634682376821982,0.3948998375590671,0.6407599610843349,0.16317207165076297,0.8576123011562166,0.7231493259037994,0.32917155952820987,0.35397456260774907,0.21107176141683337,0.44515748715988335,0.158304313547467,0.46229516590571507,0.5685120045202409,0.9391936555196495,0.4343942439612125
alpaca,0.14006817435505514,1.1102230246251565e-16,0.23657556804314517,0.22285386021149511,0.2184433132093363,0.24035028958408444,0.40967239057719895,0.3709754035441397,0.1652033891812228,0.19719400742768367,0.8086470635925077,0.6184341023940189,0.16436572204504563,0.3464724074214396,0.6062097069846029,0.5223950606127306,0.22927484127056075,0.15783427683797424,0.1525414084083847,0.43966438421778775,0.40537815610345795,1.0867039166131252,0.252526770752485,0.7871244258754257,0.19543858937530367,0.14956038322477994,0.7024476343783841,0.6562107557899499,0.19519843242695145,0.3101775724448578,0.6247937415607274,0.17859857539187507,0.7910130449700661,0.4485448708383899,0.1755050452590874,0.2048074391007827,0.1374401903890382,0.17635416071826815,0.13769929831149907,0.671163308039049,0.17412527895731456,0.16989160361805522,0.1785939510458031,0.1907583794618931,0.4097492445670079,0.1692667357399491,0.21056578588690056,0.43234169778828824,0.5742525623084342,0.760983481192813,0.1678602695640541,0.11400674672711786,0.8368449167420763,0.18549211746526928,0.1316112884042563,0.17614180085568143,0.48251280048294976,0.31783707166093356,0.7765674257838137,0.19445976095583062,0.17778359917841502,0.6342501307085968,0.1982229665681302,0.6675416054574864,0.21431011950450218,0.1501890271316374,0.1801852472702271,0.2796507722690956,0.15229471759640534,0.15974889131495862,0.7352767000811982,0.18579776833078743,0.14792424898659462,0.21367988109294744,0.1923118325915688,0.2360904159455698,0.13464555519841903,0.6498925615008668,0.7613815243596458,0.2745015774674472,0.6340058157068454,0.7498979150749261,0.25299963174169204,0.5209097285754453,0.6694920888708666,0.1652073070578456,0.8944067379432736,0.7940191037599503,0.3208598078614894,0.30832626180390776,0.22988228994459992,0.5376780061852571,0.18441635202963536,0.464760107665776,0.5717031796475918,0.8728250778308446,0.37920641259438126
anteater,0.2046749996196302,0.23657556804314517,1.1102230246251565e-16,0.2623086818995608,0.2520016468452285,0.16387910202623612,0.4335898941688606,0.25502075194263674,0.14754261077902386,0.1923038171208855,1.0656475244303458,0.438791953291499,0.16871062938491987,0.5617906388963767,0.4537304001124969,0.7184030898331588,0.4330892587300571,0.25172994917034275,0.17911658812822873,0.3345038283295818,0.3255358700515334,0.763708559717595,0.1757214863936537,0.6577265004170094,0.3071938188948353,0.17952839940905574,0.9068617304779645,0.7273788223770372,0.3746922975476594,0.5355136715731903,0.611263005090481,0.17804235393319912,0.839088451342441,0.5196149016145757,0.17769969775300787,0.28963407324916035,0.2862859801859504,0.2027636202941686,0.19714882431753544,0.8930210567686512,0.18859929463138114,0.17563892062291708,0.27688065220911995,0.2344305695991341,0.2665306380266961,0.3090490624332968,0.22056136170517848,0.3865423551150371,0.37910326068102573,0.9081591793868365,0.2045800894245785,0.2249640265586086,0.5496936820617953,0.37825591384795676,0.14096471907098973,0.16409431815735143,0.39716797439616447,0.26332000779307685,0.502561960058126,0.1500059886602576,0.27174063443062746,0.43982205807903063,0.25503514884018297,0.5284732181927099,0.38079250902952355,0.29244470129626765,0.34252271987582317,0.529786665891131,0.1531432882755409,0.2329252841732602,0.7821738237532392,0.18495799342559505,0.25589095691805497,0.1995221524289682,0.3299106519497783,0.27549878708601083,0.25550628115647256,0.5142209795639134,0.5542825371386604,0.4170441561255871,0.7530671562454984,0.5553381099303496,0.1834280185130971,0.6426234459433346,0.48478036390327606,0.13717256633420183,1.2118684505728032,0.7496508176970679,0.19526644482964728,0.2156492674641236,0.2993992773259201,0.6283788990062584,0.25603939994344027,0.4098957056636946,0.6230762190658712,0.6029235963496364,0.23234322088822146
badger,0.22888061456986442,0.22285386021149511,0.2623086818995608,-4.440892098500626e-16,0.18404938269275728,0.25592737293769374,0.42645551221400013,0.4241036799826763,0.2332994615967081,0.20168998500949276,0.8970438200605639,0.6380105148916413,0.23548194197450656,0.43763748273934744,0.5572641969065015,0.5135538064804159,0.29767930544054366,0.1963774088180139,0.14858960195374948,0.41642132445861857,0.5129485424210907,0.9420708527980436,0.360745982651567,0.7560005287075658,0.26676487301572016,0.2634617375543068,0.8365699216201853,0.8065884468137359,0.2917717923404013,0.41350029748424466,0.7451281726580018,0.2627199100700255,0.7961072373167695,0.5137125161268992,0.21789998693892276,0.3062716029284055,0.27368016153252095,0.2638594393290874,0.16639006356262265,0.8611602843692241,0.18142906182197416,0.2095647574240409,0.2909874297756294,0.28754937317048423,0.3807959512286072,0.28774195408024494,0.17187763307898407,0.4560351761834831,0.5681819198330585,0.8367284741909081,0.19881762401645664,0.25130604158614855,0.8592157601700081,0.215740265127076,0.20073847104897857,0.2360127609778151,0.5339887374596256,0.3029633462015535,0.7034942607635719,0.19143456635300982,0.20138491924103574,0.5521583484131197,0.20782476981829467,0.597538827170609,0.2739985547942275,0.25408943556641705,0.20569302836817782,0.39226345700054266,0.20569740577148,0.15595557474838428,0.8555881956084005,0.1694737979069325,0.2073234193410285,0.32281606251443007,0.19418732326219978,0.37883674601865025,0.25887828330956675,0.6713116195289244,0.7042551415907077,0.32723498758899117,0.7375963638881018,0.7236524431784566,0.23952784221462142,0.5410208080016,0.679971374435862,0.19844059310450535,0.9694468879886631,0.8877979187217918,0.29248837840084774,0.2998233684834617,0.34095112360697066,0.5759970757419156,0.24409538718105617,0.4392641674323201,0.6416842858416485,0.8314805531959828,0.4010148232483556
bat1,0.1807073595914226,0.2184433132093363,0.2520016468452285,0.18404938269275728,-2.220446049250313e-16,0.31021649636208515,0.3528374696378084,0.28131162138160537,0.19923499521339605,0.287148454458119,0.8060015147380736,0.5145989951469746,0.16121605823899898,0.391777813287677,0.510161781485091,0.5024012719766446,0.2784844687904908,0.16641363278459875,0.15551723104021198,0.390432048747987,0.40810475564759907,0.9739879626985772,0.25926875545907146,0.707552633626267,0.2555497118141412,0.20903352204970482,0.8084180836494548,0.7366634221275448,0.2600907431070615,0.47400734725396887,0.6221940742581719,0.20321936309312816,0.7734388313915679,0.3853435316623649,0.16404450817383143,0.2409238625399731,0.24815452219001577,0.25726403420620625,0.16847824896369168,0.8068153255640564,0.15236749185394127,0.15234701049582855,0.2450674184150885,0.19628960738936696,0.35825598152969373,0.25450386959354776,0.17632199038135732,0.3150593519249132,0.4892429176045737,0.7073689691011352,0.20488628018474764,0.22422656227144033,0.7565710976166022,0.21539751455686806,0.18299917981279878,0.20381580768121765,0.37220953602951734,0.25888347567736114,0.6660341142302919,0.16433640482003697,0.2520337122414029,0.456626875543951,0.20161859360215528,0.6381451870786584,0.2788812418599964,0.2188194691480121,0.16386017358077265,0.41803703683072757,0.21758841117593442,0.1628945263645959,0.6803960884298716,0.14151590533932557,0.2281753669024036,0.24558711125905097,0.20356246046900983,0.3206197582708956,0.25857090176363373,0.5150967620991123,0.6776176707516353,0.2768917406410101,0.7014498569901266,0.6893428100365647,0.22397397381466988,0.47687732683958284,0.5165122754751317,0.21452057277495307,1.003712363041228,0.7475271158307402,0.21941412312445085,0.2858070239650572,0.2741730774003084,0.4835353466756981,0.2280689184035597,0.3362779489321259,0.6341340873075179,0.8263555870371198,0.4079691640381432
beaver,0.2735480409030895,0.24035028958408444,0.16387910202623612,0.25592737293769374,0.31021649636208515,0.0,0.533086106533124,0.35891951001635003,0.20745902403688798,0.14240200528244817,1.141215566689779,0.4803824891599465,0.23685134726823587,0.6433325508757408,0.453545374360807,0.7356403466064059,0.4867639169458059,0.3224200433860327,0.1936072975715788,0.3646053624315113,0.4018890456656202,0.6870506100356226,0.29579170957177403,0.6747317987920847,0.3445694603588203,0.2652955743851626,0.9819949459144575,0.7502000327931257,0.39844375893820805,0.5610827470594457,0.7656891092691007,0.26299451745351643,0.8113141165492597,0.6520506704215041,0.25343454204227545,0.39664170530462695,0.3404832116142973,0.24705168997956917,0.20653093006584167,0.9393257943325662,0.21279060727511745,0.22144120534704448,0.31925942740180835,0.3299929568737846,0.23687136183528046,0.3713679377201303,0.23551723674590574,0.4702208398914147,0.46558219723733507,1.0542416819098006,0.2123160224011259,0.28847724840705524,0.642298857035187,0.4164629867894437,0.17278603996982056,0.20167732738304833,0.49913661021720535,0.25462042723475675,0.48909195978832354,0.17592913102066243,0.22379411799316584,0.5265044228636537,0.2836261852609615,0.4826413642060847,0.43573235751700645,0.34948912151510714,0.3865274646543668,0.5638176141958495,0.20629967979692454,0.2437453075838094,0.9545024008677109,0.23177804326407236,0.22872775671209644,0.24414759512381257,0.33379545093929397,0.37882032767055385,0.2697300106237581,0.6097283198266334,0.48223423199780213,0.4554713406775067,0.7769181918530448,0.588604590755941,0.19041007653415176,0.7098144388441296,0.5726880695284895,0.15038386683417881,1.2127304668271686,0.9084443931174224,0.23678546298123615,0.195002776285091,0.40141068951478776,0.6816481748081014,0.2596832039712713,0.4536902601511734,0.6602793369971809,0.5738263237939528,0.21895768327219
bee,0.33538508690112534,0.40967239057719895,0.4335898941688606,0.42645551221400013,0.3528374696378084,0.533086106533124,2.220446049250313e-16,0.43906782053966587,0.38296149525957235,0.5227612368113504,0.6518240112020548,0.5929530102637318,0.3180871365642046,0.33677685565990445,0.5346302997927571,0.4746048641782965,0.3013225690759981,0.27719498392708997,0.34263523600430734,0.6280126008282576,0.5017492837220869,1.1122618536563937,0.34921386650164166,0.676784124711157,0.39928019453792674,0.3598073402028138,0.7003473545103023,0.705941909363512,0.3877796270791123,0.5018633398454837,0.43464956021622303,0.40138190455271283,0.8700063119405297,0.3011384874095311,0.3140755148917722,0.3507341479887509,0.4303598185536882,0.3954022152004363,0.37540202465102557,0.6120222826912609,0.3278568189151596,0.33453331794596164,0.45180880345955365,0.32729990588696,0.6342342174682728,0.32060952971935763,0.37148188160531304,0.3348519320623776,0.5638963342536656,0.5437823743413495,0.3481142785943242,0.39123485638191535,0.7616409793656223,0.34395226138329693,0.39140677476681895,0.36448253337439274,0.44081052626410744,0.4930273265568329,0.7759518185554893,0.35072719617053183,0.4020405996137657,0.5367894298238804,0.3432300646906452,0.8286007036943399,0.4504924834967855,0.3488303038769489,0.32910039291678606,0.5033323876452781,0.40037130131344556,0.3553654131776288,0.5479153796370988,0.31682420364618546,0.4400768547470292,0.38948084657191817,0.36558458645848,0.4267874627414192,0.3740563682489598,0.47512997634514464,0.9042515389129062,0.4277808609084788,0.6770284695363131,0.725907103251156,0.46863069547822056,0.4172835893168926,0.6826221320088863,0.3867429165918502,0.8900185106041831,0.7858002947457698,0.42097722186352304,0.4944045891417972,0.4034718267036471,0.5051277576677478,0.403470685653889,0.34252566857043754,0.6248857598551867,0.9624593504634937,0.61211166698913
beetle,0.34172051837858264,0.3709754035441397,0.25502075194263674,0.4241036799826763,0.28131162138160537,0.35891951001635003,0.43906782053966587,2.220446049250313e-16,0.2741299986473945,0.4415029892685647,0.8176557603171951,0.32838036181724484,0.23458719519643167,0.5448847050558318,0.3617562266159564,0.621127120843492,0.5452579363250284,0.386892475795524,0.3256302679499695,0.47609745651475965,0.16782133937251875,0.8087895008497203,0.1762432273662099,0.4610320973969664,0.3991947639942497,0.2849745106634537,0.8646630765560548,0.5498753486583086,0.39880196391893075,0.7172175806339349,0.41586856605651656,0.3404480577857062,0.8927039774675446,0.3181107774478825,0.322781413719639,0.2714266244219612,0.3744783237186533,0.28477897622562465,0.3589643756899078,0.7847743776819083,0.33747760870041954,0.25478596208455473,0.3511523425524131,0.24492158670486353,0.3310885230654266,0.41478117993222374,0.4052699278507602,0.25000464074424755,0.36504543007057855,0.6622803575080967,0.3520873509283562,0.33124205900122683,0.48886440298094147,0.4982734525620147,0.2842940358252324,0.26386193259760227,0.18727454010822642,0.2916554793080901,0.4962933330529252,0.28341987990264184,0.41268161762810607,0.40780319306007484,0.42254670437389996,0.6263811472526513,0.5306250019830097,0.4163417865761191,0.399629881277357,0.7124976311856362,0.36057300997415365,0.4024753959015501,0.5065444537128414,0.28346078105422146,0.47041696948786405,0.1817322274421811,0.4866940354046455,0.2895884080322074,0.34722276613112435,0.40417143475006934,0.6098307969927657,0.4353152528224523,0.655682610431172,0.5838220411405801,0.37447749512734463,0.5569392490982412,0.31178007619086967,0.33188166191436486,1.158119488456696,0.5158980098993332,0.25045622050017147,0.3512913870817945,0.40510161331869077,0.45611364676438515,0.42369919124326805,0.29474302204568004,0.5934062854640267,0.6009227053700421,0.3598440425857228
bison,0.1212061988418992,0.1652033891812228,0.14754261077902386,0.2332994615967081,0.19923499521339605,0.20745902403688798,0.38296149525957235,0.2741299986473945,0.0,0.16811789793065468,0.8766273591223114,0.5320868804946224,0.10788595988147187,0.4010089758095017,0.515452589504434,0.5684566465144365,0.2750581840853453,0.16423821628778867,0.12963711696952818,0.38257987946022776,0.3350739890397041,0.9408042332166552,0.1779496117901369,0.6757041742271594,0.21103725837735587,0.11845251275130841,0.7327140865034005,0.7216057748510127,0.2936660321620884,0.39364418601094053,0.5743786404179092,0.1130191754960519,0.8287772852513123,0.4122838992044209,0.11614656420442382,0.18538121088628856,0.1840813563069087,0.18771029990623356,0.16592603153794572,0.7223238837936716,0.1467013805067462,0.124424451143757,0.15254121951925737,0.15546548031533924,0.3254088852864596,0.17564480438109997,0.1890454103970992,0.37702316621769993,0.42857869837931417,0.7633388223530221,0.14507667561513893,0.13935765931871447,0.6848364358916161,0.2821745392832591,0.12812606426364637,0.10537647375068615,0.42502671883963705,0.280415132690346,0.6633495342835628,0.1473623458595159,0.2309850303835046,0.4802064794828391,0.20255387698494987,0.6914386416056738,0.31874375210785544,0.1498304923574687,0.20775039859170108,0.34660924860528697,0.12496972289361696,0.1540414594808045,0.7160593046637288,0.16890960084890483,0.2005409189233771,0.208822375163071,0.2146432803050421,0.19643222856386078,0.17682389975808355,0.540715612801365,0.7120673617946625,0.3410636746209411,0.7213310683475329,0.6626102905970155,0.19987359229544377,0.5067787077517423,0.5568087206582714,0.11423556390503553,1.0191013594057314,0.7594934378128269,0.24419482914734636,0.26192478350506254,0.2536638149648339,0.5156285408399558,0.14284118787708266,0.4264733884966113,0.606107145124636,0.7525154045270934,0.33893241897587156
boar,0.2452037998255675,0.19719400742768367,0.1923038171208855,0.20168998500949276,0.287148454458119,0.14240200528244817,0.5227612368113504,0.4415029892685647,0.16811789793065468,-2.220446049250313e-16,1.1164085046625043,0.5948640528620144,0.209977509436723,0.5516841264061058,0.5820657544172958,0.7171527394649205,0.4004355939530879,0.259101258178403,0.15784054681346626,0.36379875647785953,0.5061018828958235,0.8113842023289131,0.3234995865372313,0.7952313850610353,0.2726212649010781,0.21731673877168078,0.8796627246123773,0.8536704803841988,0.33673851715473535,0.4187298175404365,0.8644868312690339,0.20041749816132548,0.8424645997665808,0.6849354967336173,0.21192704580845423,0.3649397449397851,0.26121902617363946,0.21317037029844133,0.1689683272531619,0.9149018945440437,0.17883693589271943,0.19941525990883335,0.24628092782926536,0.3126736479382931,0.2930522943326057,0.3049221015909387,0.1754142679264834,0.5139034567387561,0.5483261957505383,1.0729395884279087,0.1659269022210641,0.2299954888297211,0.7626311105819757,0.32129086773064175,0.14459687583327896,0.1743214759163364,0.600109060769406,0.2879794491958908,0.6082316115745531,0.17134617853392053,0.20293080221742577,0.5428188936122172,0.21041362081025117,0.5687561680806912,0.3189406733806427,0.24255600906415398,0.30001566014145475,0.4071515847348782,0.1354235481073074,0.18739089012916454,1.0191892174608488,0.1969909553239284,0.17933547245727088,0.28609824650932314,0.2592629931238263,0.3297432566442121,0.25423211086953124,0.6876332709508495,0.6370758216891449,0.39249337060563305,0.8166685763970319,0.6453285229219266,0.19518136633401517,0.6893928187864324,0.6755754143829114,0.12110640322172972,1.0995274273418205,0.9720089140272404,0.27609351098148605,0.22355551221471848,0.32643860347253595,0.7487339341588335,0.20180979569708235,0.512768798153602,0.6819616984250336,0.665269708461407,0.27169052924869297
bug,0.7082572880217369,0.8086470635925077,1.0656475244303458,0.8970438200605639,0.8060015147380736,1.141215566689779,0.6518240112020548,0.8176557603171951,0.8766273591223114,1.1164085046625043,-2.220446049250313e-16,1.1493027803639453,0.8787918598422115,0.40214956956334436,1.0325108738630588,0.35206668686507625,0.5882797726810431,0.7676937097145913,0.8967809948189502,1.3078034119405828,0.7576397981809129,1.6403808738252306,0.8628590590386699,0.7393616501038501,0.7287801686767609,0.8285603239682968,0.44027469579380374,0.6237351645415667,0.6648792373075688,0.6271509858319477,0.4765884093777524,0.8863687066575933,1.014444809440193,0.35804198601781345,0.897651665696581,0.5790617811881745,0.7074851096869388,0.8815325055702553,0.9299739179302896,0.3058928750107629,0.9534927127596003,0.8823886038594417,0.7169194504739332,0.6893358774009939,1.306130566609943,0.627787377346015,1.0090041891300938,0.776703420115664,0.9624113101457827,0.2134301068346971,0.9827474098167895,0.7278710836285274,1.3452966113417613,0.6872899971573619,1.0067971052726596,0.9161588124042147,0.7484433007526228,1.0795104247864282,1.4846456889120339,1.0412554192609789,0.9371787309757841,1.168447957957143,0.9136078548343773,1.3658610431696514,0.7808860511877144,0.6946490879083724,0.6584577790710266,0.5898216318173124,0.9926335315329551,0.8630019504632316,0.43714990472611326,0.9430463831011241,0.969112854681557,0.9181953517724573,0.8066464759776932,0.7537910195118424,0.8100706922987309,0.9757125681185007,1.4989753641474728,0.696538791830988,0.6593981439732481,1.352734729056718,1.149309011298945,0.3994247675907615,1.1039061575791769,1.029194491370609,0.34740089513944716,0.6008109303598972,1.153578373608034,1.240669236382856,0.764824079103171,0.4786059384236132,0.8613966302446762,0.8714292479761142,0.7218395267245433,1.4813059261033668,1.2863995404367432
butterfly,0.6590850260272254,0.6184341023940189,0.438791953291499,0.6380105148916413,0.5145989951469746,0.4803824891599465,0.5929530102637318,0.32838036181724484,0.5320868804946224,0.5948640528620144,1.1493027803639453,0.0,0.43661581433840646,0.8689758144573734,0.34818254498450574,0.9851218859348042,0.828560792929319,0.6400477702559957,0.5377960863771872,0.4098319581800327,0.40699815660101835,0.5167277599304736,0.3662947025881066,0.5830190809829414,0.715216100919033,0.5388854376534602,1.2437750409056036,0.6961613638307289,0.6742359152018078,1.034751843632698,0.6460419126278241,0.6054124702676176,0.8137692091362384,0.6497999964284609,0.504617722174518,0.6291898213864155,0.706921601317308,0.5222498756882905,0.5686711986409125,1.0937274257382035,0.5062685744303709,0.4495088737357693,0.7113299786375888,0.5180373753762926,0.33666344093082134,0.721035709611265,0.5549855024815938,0.3434325406333717,0.4936300477392863,0.9465114633318275,0.5199215094762076,0.6247490414593021,0.3603237983805774,0.7389111659272636,0.461918210593124,0.4938599199083188,0.3289777201411376,0.30944419237159226,0.3240175390892176,0.4282136995111343,0.5635655142809919,0.4352790892025261,0.6148948953986946,0.4734200804952634,0.7310042126376273,0.7463764942636024,0.686481862298341,1.0524190541083753,0.5335560597520814,0.6046195359204699,0.7306894297176207,0.45182947254383277,0.6158974184106938,0.32568948483275284,0.7081790119417715,0.5870332012578479,0.5436503084844317,0.3732492938633616,0.3999385871500928,0.6762898053409593,0.8285028901779341,0.4097315566124431,0.4815852204563603,0.9405248078949603,0.3744008634085336,0.48055385812122176,1.4308227203628432,0.7656922900469199,0.30156025885002447,0.3513739123614613,0.6605173617512872,0.7095688690766766,0.6498008886654448,0.32032917578392095,0.7258230236212564,0.41273674351075773,0.37680161425254033
calf1,0.1282982706981094,0.16436572204504563,0.16871062938491987,0.23548194197450656,0.16121605823899898,0.23685134726823587,0.3180871365642046,0.23458719519643167,0.10788595988147187,0.209977509436723,0.8787918598422115,0.43661581433840646,-2.220446049250313e-16,0.4001585653953199,0.4217060798730612,0.5775216231551439,0.259595479291468,0.13581467388874335,0.1216049801346345,0.31474785030303964,0.31378861706901584,0.9351104204431827,0.1210308171171548,0.6669250943320421,0.21222652585249324,0.11074235482586714,0.7782295524586482,0.6665269191611711,0.2553246011050262,0.42696699313664954,0.5302031912903151,0.11023588164012199,0.7888882964272945,0.38022480637362654,0.09405089046491377,0.17760790999807685,0.19725677920435403,0.18547113234436252,0.12706749110337412,0.7258766154449738,0.10384564520958173,0.09379284097855634,0.19640797161455903,0.14257208129829702,0.2881057107327518,0.18261277021376443,0.15884814213827814,0.27873800524128056,0.42793605480365193,0.7258321984586287,0.11260786628414166,0.15561769764314692,0.5902895161310402,0.23874590191315814,0.09539818808741041,0.104176439363317,0.3355869098175063,0.22493376953380984,0.5744851560702857,0.11264001978951987,0.20767906845150008,0.4498087367793536,0.1560051328278671,0.6382268042964889,0.29023815855424007,0.17935978822750442,0.16596268774350698,0.3802465499151798,0.12823154873658782,0.1475140239032564,0.6634425273480243,0.11321652965614915,0.17610468776312138,0.16133920404931978,0.19421958089971392,0.1927198925346274,0.16783898070456282,0.44390765414495525,0.6708652029380087,0.31645133405845427,0.6916521305580865,0.5882693089748718,0.19050603849444614,0.5321953336192655,0.4862635676852698,0.12728210926194927,1.0781361296381562,0.7532744186089129,0.18507014106572106,0.20365375690270293,0.22678726461084564,0.52713645647161,0.16170019725441298,0.34614437086912875,0.6220376764517443,0.7266050474381065,0.29293925836860635
cardinal,0.28752690934098446,0.3464724074214396,0.5617906388963767,0.43763748273934744,0.391777813287677,0.6433325508757408,0.33677685565990445,0.5448847050558318,0.4010089758095017,0.5516841264061058,0.40214956956334436,0.8689758144573734,0.4001585653953199,0.0,0.7724351206273217,0.33102507869973685,0.20199495625255237,0.2687209030523796,0.3411961374524831,0.7907395197168521,0.5649814401818003,1.4807437978402234,0.46744366554581374,0.8255040680019836,0.2760615384917261,0.3445155865451577,0.41654660764744955,0.6626440387358183,0.29447186747153276,0.25473082374362843,0.4917841182359233,0.3899262486410563,0.89313466176174,0.2605434964793698,0.3688094632253076,0.2620621210507217,0.2928439247117276,0.37428954282459326,0.3832963420227522,0.3748400734414836,0.3951544884306025,0.33132802121744453,0.3735030868272652,0.2613878818349341,0.8551605280063082,0.20353052408601147,0.4068475254935855,0.5392974636960485,0.7381296448070538,0.35026098825468177,0.42802408553794646,0.2761366827460937,1.1523071834143979,0.2100487442819735,0.4799533883978664,0.4109218360700966,0.5912598385905671,0.6493053871785295,1.122893535622046,0.475317442621053,0.434964795721426,0.8230499427433985,0.3534469765647976,1.005002594201831,0.31120806248219834,0.2511867052441652,0.2649746864873306,0.21681074683444335,0.4100995686079969,0.3343522115142219,0.5240012779591152,0.3859880478618697,0.4636096356700843,0.49589026653033075,0.34970334545470116,0.3938066946254434,0.3290194968122476,0.766564109698094,1.1974212547773737,0.2740438756649839,0.7064814711434069,1.0663148003551326,0.5956273622304025,0.32888607404019177,0.8207443146556197,0.46712950729944247,0.5335459235634656,0.6672095589595853,0.6449646254721808,0.6852597140548313,0.3426957360582561,0.48035204807779663,0.35036663717523486,0.5709329266116643,0.5898889743851514,1.323551186263984,0.769682861616404
caterpillar,0.5659859175773425,0.6062097069846029,0.4537304001124969,0.5572641969065015,0.510161781485091,0.453545374360807,0.5346302997927571,0.3617562266159564,0.515452589504434,0.5820657544172958,1.0325108738630588,0.34818254498450574,0.4217060798730612,0.7724351206273217,-2.220446049250313e-16,0.8197904682443402,0.7159743696661689,0.5668489662283354,0.49679482435297817,0.48149630538358934,0.44930606275614515,0.6287345400895284,0.38449287623827744,0.5936008736890205,0.6375233311576816,0.5335554180221516,1.0682717017929835,0.676302075149984,0.624661217128229,0.9018530921991551,0.5357968635231847,0.5909104845313831,0.8082998525286166,0.5670134612149519,0.47313859512142653,0.5638786956236581,0.7175643000331962,0.5039180854960237,0.5413409793171582,0.9778749055545722,0.484281970076471,0.447395288507773,0.6776616031409521,0.5233315055844493,0.34946881128327467,0.658113850549183,0.5208456575956086,0.3886671164865485,0.4564986577764184,0.8655103251695105,0.47731660241738794,0.5841345362458222,0.4576968943102939,0.6734153140009029,0.46149076252054433,0.48247270680999477,0.3619307048436906,0.3764979975654589,0.4689902958050698,0.4129675962647561,0.56614011287618,0.5018988782709403,0.5931237681829795,0.570841746022783,0.7389468042881993,0.6975989571349185,0.6193734119791154,0.948617017915956,0.5336014238485602,0.5743894657543751,0.6680351185475017,0.45938316637967136,0.5559767722899026,0.42118603915693753,0.6333928459618217,0.594129388041414,0.4935836759376494,0.45446610396550946,0.5454958037818146,0.7200132009419704,0.777415887943697,0.49203608819419875,0.4832172166341623,0.8016078915824483,0.3854575384742318,0.4516097237084812,1.2860601983663804,0.7959023320020291,0.3882232389815269,0.39272229697919214,0.6566577351948795,0.5818706942577268,0.6354921277735762,0.395112435435513,0.6539618711596277,0.5143985241060587,0.44941804262129137
catfish,0.43707062770651406,0.5223950606127306,0.7184030898331588,0.5135538064804159,0.5024012719766446,0.7356403466064059,0.4746048641782965,0.621127120843492,0.5684566465144365,0.7171527394649205,0.35206668686507625,0.9851218859348042,0.5775216231551439,0.33102507869973685,0.8197904682443402,-2.220446049250313e-16,0.4044729158772685,0.4638695309265619,0.5361555477612587,1.0391738497608602,0.6259157917330984,1.441552102176337,0.6564649448326432,0.6559145578388261,0.50308329253349,0.5277975688740373,0.42595165792487477,0.6245118530358067,0.43419071634892104,0.4870093440686005,0.5409271571811235,0.5877707274182067,0.8990090282689027,0.33695107789951506,0.5966249482551319,0.36856734422493853,0.43720597434891095,0.5923626387431469,0.5822561435578755,0.3664401469685816,0.6047819252303697,0.5727337433705273,0.4440714100755411,0.4914572627457747,0.9511468824685941,0.38745970643985905,0.6234441080156963,0.669341291505922,0.7436363219291957,0.3600157080688262,0.6168987379114075,0.45195660493244927,1.2279204514196707,0.46769025586359236,0.6773292777750743,0.5713327265212252,0.6864881842511628,0.7484552456116635,1.2015172633835132,0.6691440942267746,0.5883766244536697,0.9046788600773089,0.5694074921596557,1.0652833354723157,0.5930320446616468,0.4274053650513193,0.4018043486042989,0.4191735885791644,0.6816012576270434,0.5149646928318328,0.572138735388741,0.6066730068971573,0.6099756001309375,0.6193159042010712,0.49059160309200267,0.511193577092582,0.5391737193918557,0.8439058109772424,1.2574577392758755,0.501970714339626,0.5794862349718073,1.1995121546886836,0.7644192831257016,0.31452674529549773,0.9699489572190954,0.6605561847938645,0.4462922471071452,0.6862939226607159,0.8129942288343834,0.8962757395150176,0.5959826386026748,0.4046877558544455,0.5453826585196706,0.6806066928759598,0.6485179899967362,1.279452200007289,0.9520712472747332
chick,0.16590292269348983,0.22927484127056075,0.4330892587300571,0.29767930544054366,0.2784844687904908,0.4867639169458059,0.3013225690759981,0.5452579363250284,0.2750581840853453,0.4004355939530879,0.5882797726810431,0.828560792929319,0.259595479291468,0.20199495625255237,0.7159743696661689,0.4044729158772685,-2.220446049250313e-16,0.11195360871534898,0.2058313655989913,0.5711981487130792,0.5903050622595583,1.3751062049055893,0.39971074888070457,0.9021025512527523,0.23297246675176564,0.2463725349163336,0.5187911242935637,0.7791475386467976,0.2573131398382391,0.2168017880966615,0.5632903497252496,0.2515624434476956,0.802672091851033,0.3550796801130991,0.19562100100350066,0.23058583014796907,0.23561346037888253,0.338430576095044,0.2367670593961635,0.5387981198199571,0.22230167504756082,0.2578633020455827,0.2584179569031887,0.2357443088932002,0.6782636409430407,0.15249934267082554,0.25208112473443867,0.4870655863082469,0.6855122667931222,0.5573309965890842,0.23691283492973125,0.19853428945682738,0.9989989763548346,0.1488306833914218,0.2926645408132258,0.29037649609880456,0.6084661832695732,0.5216831585063552,1.0361114223735917,0.301604337088748,0.31089057819484545,0.686449116589811,0.21520113670716412,0.9731688802085185,0.2721130335499998,0.13590578444567347,0.129033281074581,0.15021294000731034,0.25340150964061314,0.17778352684580678,0.6636703092627341,0.2583458427757155,0.2565366210558663,0.44963886577321743,0.15905260175649172,0.3355515377525956,0.24976212458289526,0.6847074211634921,1.056291855442735,0.3204019922677852,0.6688576853956066,0.8871301009787025,0.3976304433442439,0.3722056170404011,0.8412074547479207,0.2948387693692792,0.6484308612373595,0.8427795160259546,0.49206947508399934,0.5237631466935211,0.23250697117018293,0.49648206247358795,0.22681381887965313,0.5455455395255513,0.6583682257135282,1.2151180826154195,0.6829543466018815
chihuahua,0.10899102364381186,0.15783427683797424,0.25172994917034275,0.1963774088180139,0.16641363278459875,0.3224200433860327,0.27719498392708997,0.386892475795524,0.16423821628778867,0.259101258178403,0.7676937097145913,0.6400477702559957,0.13581467388874335,0.2687209030523796,0.5668489662283354,0.4638695309265619,0.11195360871534898,1.1102230246251565e-16,0.09048407342609566,0.39756892710231284,0.4638738617572691,1.140269511434124,0.263308927720841,0.8180715760074343,0.18828236102822493,0.13783316417985692,0.6357410862391104,0.7340373620465628,0.20782295721524868,0.28823516611482347,0.5820867214070785,0.1526806290684335,0.7909540136462219,0.3728882101197539,0.08126412019381579,0.18504841694773422,0.18573396364994887,0.21811452529815334,0.11567888242812963,0.6607722230847244,0.09655111098372371,0.1238380401912691,0.20345063516360007,0.15847148613806727,0.4724316568163278,0.12305915396466505,0.11446451803892166,0.39107663437534224,0.5596625923753087,0.6715965331697251,0.11773091437007388,0.13091341662980682,0.8164909316205338,0.11547418359233552,0.15200011655113244,0.15558625915801594,0.47759106722878075,0.33277032508349436,0.8048255506907771,0.14831892679700143,0.1929289098668041,0.5298954586941724,0.11548974587157346,0.7635042344223555,0.23111532090942732,0.10266203064773616,0.09170196261818175,0.22061689121362793,0.1303237471078349,0.0771114231887684,0.691645018167598,0.1079931842442734,0.1551097522387609,0.2842926425139578,0.12231730437507615,0.2584065700289374,0.17682562204559993,0.5590719078980975,0.8370595150548973,0.2825436938636535,0.7042131049192052,0.7271198904924112,0.2246435090483313,0.44211426710060087,0.6458046582891226,0.15880509947685695,0.856148129261019,0.8341980524706802,0.29626870172984476,0.322300967595893,0.19971567915405064,0.5142427974012735,0.1482320842721021,0.4296115911270896,0.6301612821732174,0.9800502739805194,0.4577022547080841
chipmunk,0.1302655371406367,0.1525414084083847,0.17911658812822873,0.14858960195374948,0.15551723104021198,0.1936072975715788,0.34263523600430734,0.3256302679499695,0.12963711696952818,0.15784054681346626,0.8967809948189502,0.5377960863771872,0.1216049801346345,0.3411961374524831,0.49679482435297817,0.5361555477612587,0.2058313655989913,0.09048407342609566,2.220446049250313e-16,0.327711325075137,0.42742624688922704,0.9561619655142056,0.23315406828620167,0.733831198988769,0.18651472792659485,0.12693383904742894,0.7389915968606446,0.7301407403937783,0.20928139256535783,0.3528854551805153,0.6714577133093971,0.15342589900046244,0.8055899285543211,0.4465644799425823,0.08826113733555274,0.20928512065827098,0.17816200329461718,0.1731175153921093,0.08984206051241428,0.7639809583593017,0.08072047233795099,0.0870411540244046,0.19947272819342976,0.16522830391533605,0.33077498999627997,0.17374638315881574,0.08116202093295133,0.39638977522957775,0.49358170724578165,0.8091904391880658,0.0963740507413876,0.1280245850391981,0.75229280151133,0.14886509443104345,0.10759226401129585,0.11317089615157805,0.45754063005726353,0.24739450505846827,0.6467788532738421,0.10449743736930561,0.13266402144492395,0.46601779073673966,0.12508542276512502,0.5977880116837326,0.23529541718746783,0.13761525417506293,0.13253158993483227,0.29828110517382866,0.10478734412189472,0.0825907389933741,0.7844170413786056,0.09033328231529303,0.1391431519232189,0.23882721886427705,0.13972822644120964,0.2550573843976126,0.17720810526433894,0.5528142952622441,0.7161968873573362,0.27155603094296765,0.7638578572249072,0.6398825300914556,0.1471632918332938,0.5199383369651143,0.566911091958537,0.10346379625144175,1.0014374211893495,0.8395987617154709,0.2095012578783828,0.2173206227437091,0.23369490521936376,0.5677171007816002,0.1423091282310497,0.3877848004897325,0.6064381384516453,0.8020871559129271,0.3368462688568784
cobra,0.4643732201330161,0.43966438421778775,0.3345038283295818,0.41642132445861857,0.390432048747987,0.3646053624315113,0.6280126008282576,0.47609745651475965,0.38257987946022776,0.36379875647785953,1.3078034119405828,0.4098319581800327,0.31474785030303964,0.7907395197168521,0.48149630538358934,1.0391738497608602,0.5711981487130792,0.39756892710231284,0.327711325075137,-2.220446049250313e-16,0.6171393254364885,0.5904823329386276,0.3940717341661778,0.8776326798581672,0.47965001319186906,0.4100410012747071,1.1404919029353549,0.9004414066850295,0.5368317413738962,0.7222732540089121,0.8776443394999149,0.39055218521099266,0.7763193232767954,0.8309081665006509,0.3030491168783829,0.5965652323371378,0.5682016179740014,0.42408686085808234,0.3150993744291368,1.20343917862062,0.29885284980693616,0.29924052019344416,0.5694203834196168,0.43657237545516026,0.2696349890918708,0.5578873657899258,0.28031330027458523,0.4675700123538369,0.6061657864145902,1.1497004513145388,0.2887654905962367,0.47682676863858797,0.46498693890995335,0.45007317866115526,0.26714406692497095,0.35412746873694967,0.5397680706793684,0.28537178158137444,0.41344631544852994,0.2704444755707912,0.36696384131077797,0.40464657762503553,0.3599436061493303,0.47968481682314246,0.47794119852815786,0.5278015384018473,0.48509973073401935,0.7298670586679062,0.28414587178159323,0.3656718095348216,0.9670264614513804,0.275588365106858,0.3609084869932915,0.40730404000995557,0.44395370448027194,0.5671149676331011,0.4212938266534766,0.5320771546854812,0.44756419513773515,0.5528904682389787,0.9651933037846444,0.4006195505731368,0.25525510875769597,0.9464922396674207,0.45054351995222186,0.2994659124132273,1.4131807712224467,1.0092267981817795,0.2368508636270289,0.19408854818033983,0.4623216479228539,0.8432904001096372,0.4043784965273908,0.46635021448342495,0.7643856941095868,0.5287506274780082,0.3029630729920969
