,aardvark,alpaca,anteater,badger,bat1,beaver,bee,beetle,bison,boar,bug,butterfly,calf1,cardinal,caterpillar,catfish,chick,chihuahua,chipmunk,cobra,cockroach,coral,cow,crab,crow,deer,dolphin,dragonfly,duck,eagle,earwig,elephant,fish,fly,fox,gazelle,goat,goose,gorilla,grasshopper,guinea_pig,hawk,hippopotamus,hummingbird,iguana,kangaroo,koala,ladybug,leech,lightning_bug,lion,llama,maggot,meerkat,mongoose,moose,mosquito,moth,mussel,orangutan,otter,oyster,panther,peacock,penguin,pig,piglet,polar_bear,poodle,possum,praying_mantis,pug,rabbit,racehorse,rat,reindeer,rooster,scallop,sea_urchin,seahorse,shark,shrimp,sloth,snail,spider,squirrel,stingray,swordfish,tarantula,tiger,toucan,turtle,walrus,wasp,whale,worm,zebra
aardvark,0.0,3.250267719352057,4.8988469809066295,3.8309602839713657,3.8763272213008335,4.716135938015161,3.696465501116194,4.671609796535886,3.5238305322525596,5.922239776995836,5.841650351276188,5.474707766136661,3.960899535503296,5.188892926127663,3.6424341113888796,4.014393738837843,4.209105982624834,3.097181023097317,4.121568352202867,4.929844134804002,3.9403301905054295,7.090503290384651,3.7581861975990436,3.3941169389398063,3.3367954762927607,3.2703555953031542,5.592057269975858,2.9664631590398804,3.5940909008371174,4.795168932322526,4.5746989602590835,3.5548998492489132,3.421863040399878,5.274828007851014,3.8734801124479366,3.437865964535991,3.922237043559703,3.8168886279422294,3.7123538599926205,5.600958761555932,3.775861007829737,4.029082817951993,3.7871546095079216,3.4457343971152854,5.352038027133513,3.7887347190785694,4.577767625384256,4.844766430480016,3.1567370370148087,6.574545892600578,3.890491205964508,3.0602952287767287,5.50332930138676,3.277920874051919,4.770973795796013,3.752645722671857,4.515553197018347,4.238563457056728,5.9024714926038495,4.923303168825366,4.453369834152993,4.122805495043099,3.9780671634236366,4.47131316418039,3.8310990083448138,3.895730943747255,3.7372172679813205,6.998938049460928,4.000555417091937,3.3148653291385144,3.8016642908919325,4.803115841226487,3.110550900964769,5.95070316287784,3.070494640360745,3.896623744895916,3.1607656639345367,4.385317915496388,6.538956762282755,3.6889722111838466,3.9281309205159607,4.674170987610502,4.607720974002564,3.292227839883717,5.299318758612676,4.325314316740296,6.618562713067865,3.789337731380278,6.945950268264026,6.961826160693366,4.200688646126591,3.870520434629455,3.361467384431438,4.545080066359691,3.3674311922586293,5.450307040218729,8.06812888212599
alpaca,3.250267719352057,0.0,4.40120143303622,3.586078520710901,4.104360829634335,4.0322841811506995,4.360890945210056,5.086651134299178,3.3352598205842514,4.822932103137009,7.016762896487458,5.309849283548473,4.206880179509655,6.260180828423708,4.347005906614805,4.914459511271799,5.030553240077845,3.6684896437981203,3.999012721638562,4.550155752565114,4.412025585710083,6.387230564806564,4.05835850427516,3.888469299794058,3.816266587261413,3.1034297976101395,6.373782976246469,3.7101434664613526,3.679444967379551,4.83789672783311,6.039777544104896,3.6191317514240513,3.389008470346243,6.648285774954721,4.041083870792965,4.298856503651464,3.66665256130701,3.3742728703612133,3.510685421422117,6.509201700924977,3.4933221700431663,4.160275452770903,3.623651335171553,3.9203099978757425,4.789934099710361,4.605162607243293,4.438338863576885,5.1586462164468845,3.5062826544164327,7.935371862472676,3.6159713003257674,3.2525583060889045,5.336728025292271,4.17170553629569,4.065384756067375,3.7885899543737263,5.3796181701288415,4.016169731869441,5.561811710373364,4.616098495244812,3.8483452805348977,4.001615890039235,3.8747613413813435,3.9746530628603276,3.409576231907321,4.048267727048587,4.2054032514488275,7.393554764013337,3.16455096068459,3.2953287761966585,5.135059642312374,4.843793055775469,2.8549531698682755,5.643978975185982,3.2107743730474767,3.9087756224312806,3.453709550940986,4.5108210235089405,6.01226796983033,3.8535050575311653,4.025149338291049,4.407876931960889,4.072174486799573,4.0905196069055805,5.877665971757272,3.868119723439717,7.152012723898364,4.5376692971446015,6.51812578729464,6.4179376366279515,4.105864788467787,5.12577005055252,3.2980272093726315,4.751222022586544,3.8660611693569056,4.6545305377348045,7.430216600654042
anteater,4.8988469809066295,4.40120143303622,0.0,4.103348358038554,4.841700565036646,3.173269313104054,5.490875915860284,4.461908850436822,3.9289910715101923,4.628171768084916,9.639436755682164,4.338923328012847,4.277900604828734,8.48945356267069,4.301728682898384,6.983346364684677,7.679693242616885,5.301717171261592,4.072537461632737,3.962174555227995,4.458332370012124,4.318255369766507,4.005462325652611,4.7146533115469325,5.503616336699042,4.290437450464589,8.909386596408254,5.393111676142375,5.719546226240692,7.5480676010724945,7.04408436751191,4.587742267629177,5.260583157009817,7.981342234486779,4.396853689849934,5.8905266432982435,5.708984267486788,4.036351746437278,3.60418435065271,8.994542433545996,3.62323158351426,4.0685801180112975,5.798982014677639,5.040927175272453,3.525819982814026,6.725061713905548,4.21314434585947,5.204426370987822,4.155203796360301,9.827827752143317,3.9774292841168393,5.181034765195987,4.346835366355638,6.138593294144808,3.3871858721376165,4.174603221904448,5.286860847442377,3.4025985352456107,3.8232058264250495,3.4816103300489916,4.4027580143899145,4.364086147248002,4.77776269828717,3.4067991796105286,5.505031136215748,6.636970971922648,6.274717715347946,10.315490340598163,3.505396313870574,4.537700900805459,6.528059445539031,4.073637536772399,4.375751213487771,4.629552195941484,5.346330303216873,5.448101620322589,4.766934383358352,4.78830337286269,4.463601130653867,5.476505476184369,5.955424882017936,4.029866539939503,3.381303589832492,6.286198804306088,5.168106545476115,3.240869740200129,9.985994836176431,5.818224284074896,4.843025810156991,4.562012398492718,6.034728865917605,6.5851143819565285,5.0705455870240295,4.620487912104713,5.423677388607172,3.6030917137964,5.48449522180456
badger,3.8309602839713657,3.586078520710901,4.103348358038554,0.0,3.1471712904554794,3.9373960062197195,4.756376210750466,4.242399678993962,3.340744710390665,4.666915018003681,7.566524758507072,5.140753824550291,3.9714139152861003,6.780346682239432,4.161879925906389,4.9317762451651195,5.858706186903345,3.8133908423394804,3.2170574812218935,4.4600318918815764,4.291145327407436,5.651833468215384,4.275325901126091,3.675947596114915,3.940276985040571,3.3223586586785427,7.014627522048101,4.333864793615037,4.132239831544977,6.038801175447198,6.500268191208519,3.7560288723147193,4.248861405371519,6.609052718148523,3.9085884906224093,4.24242819139551,3.83123315576388,3.2078768242498072,3.0091730770260705,7.2950636672138565,3.523578027785628,3.483468321712779,3.853010875847796,4.030070809085922,4.199776642932611,5.201225158073838,3.3774705916834837,4.983253419822878,3.476172227093623,8.203640158543758,3.6648444273889367,3.6934898377887375,5.402205389110621,4.173625678875909,4.0403792334415565,3.3988380244111474,4.92309633698446,3.6335961500107756,5.136364315340927,4.063036437379164,3.7793036466091245,3.5061515501732807,4.164995113296163,3.6834077051690355,3.9285781762446383,4.533362299718194,4.081760992826122,8.257240085004144,3.6541614334752297,3.1376062453756783,5.445827914505178,3.8911229716319387,3.392721993143278,5.045358217388412,3.6224936571886714,4.223083951369319,4.015570120189955,4.63776294715593,5.855618599336038,3.651202066610048,4.677789989591754,4.468943449413574,3.7133836238407403,4.349114755501797,5.365658058770806,3.8207376255079777,7.933790758599529,4.797641172121848,5.73679208045012,5.960082608625116,4.830654091189716,5.138750593717567,3.985221456445075,4.341363926946672,4.498259334229857,4.601878551986244,7.042564974389249
bat1,3.8763272213008335,4.104360829634335,4.841700565036646,3.1471712904554794,0.0,4.959280679929773,4.476606298011324,3.714530441852165,3.6854748622168687,5.970968565109621,7.098492160963079,4.845566506205811,3.5722801744478456,6.396756699754256,4.049559450295848,4.9444290564573015,5.551972105836188,3.6607693874788185,3.7989411974346763,4.6305556398905425,4.208062220424857,6.149805089439605,3.9804204241366534,3.630037765831798,4.236062835594854,3.5337907572981266,7.189853313769002,4.511172597570579,4.252342504890296,6.569012326449932,5.883478881477769,4.176846863037902,4.232616880422732,5.623410125123593,3.6448505354841654,3.743113031044626,4.293633164688143,3.9946328536291875,3.6368789298625557,7.411740750177766,3.483469278113604,3.471785569129472,4.211574390059159,3.6509324677632033,4.378822111623524,5.233703074940081,3.823485739168604,4.297890607996533,3.631036256558051,7.447149077985224,4.195822299910569,4.180436983084867,5.388583702748859,3.669072089339895,4.395005956258809,4.0216553482096815,4.154610067230559,3.6823957139187833,5.268837280424128,4.178948757940755,4.4426491959090395,3.4157329829883687,4.1435109976510365,4.145409216981316,4.088555969114813,4.789146315459431,3.588290393083588,8.640653616506267,4.365458600804263,3.3629711429432496,4.813441346947783,3.7943395333973253,3.8969655033197155,4.917881179477317,3.586932193779354,4.407783337615807,4.310658071611163,3.935562285254057,5.855191935284437,3.569042532964881,4.580585986622486,4.735440529897976,3.933985484261261,4.235441682545168,4.633159930887598,4.713625189164057,8.066470999570646,4.557573289422851,5.3768544108708065,6.19731298764273,4.851669713940551,4.659116547227191,4.358079990399055,3.8434805577625397,4.585966049064489,5.092309982009498,7.606931897762516
beaver,4.716135938015161,4.0322841811506995,3.173269313104054,3.9373960062197195,4.959280679929773,0.0,5.636361762657723,5.0208146968030505,3.6305502155277187,3.3995015489840097,9.410373294925872,4.826303938159501,4.396017110738892,8.350127786197712,4.2466146974929835,6.712761459781308,7.4931380734014095,5.384538970397153,3.690022209751867,4.183367705200097,4.600368348747265,4.162721687030939,4.361265083266918,4.42545740060445,5.028352827038542,4.042512292221089,8.466807730546481,5.179129603749508,5.308748003902135,7.009911465243382,7.40649136224759,4.33462770393572,5.018242414443851,8.250746930723977,4.583282439833237,5.8865473059916456,5.30686859685435,3.753612465753924,3.2520776823787823,8.465651251952297,3.575546997012253,3.9144203116841365,5.236695769066371,5.13088806024802,3.3680849131655197,6.360323540609089,3.877206207071629,5.52287972247983,4.003165483067398,9.9328233074124,3.510667902630678,4.7454538486474815,4.720770384105411,6.009161658658885,3.3792974299604803,3.6357323377611874,5.702531245191773,3.741208760511735,4.11082562873735,3.57751708622619,3.68616323462766,4.461499854616644,4.588672688496316,3.2909461043941417,5.279407345769815,6.039696865777073,6.082901886884054,9.628865964283984,3.2989772670948776,4.141518542135628,6.7906899160979854,4.3609562040171,3.8839267317689035,4.932389877837063,5.060409529060662,5.284486077232099,4.484211762555223,5.10502801947688,4.74376121476118,5.193520941940322,5.857294238764419,4.175250486892315,3.199411000922332,6.048516698129586,5.73739338711738,2.8321413510021887,9.535945545372126,6.080083318940852,5.378625076687226,4.5914329482367835,5.790591494909833,6.5425318487680615,4.415727637133641,4.8780341720887,5.214855452617255,3.358907123245399,5.398358719138735
bee,3.696465501116194,4.360890945210056,5.490875915860284,4.756376210750466,4.476606298011324,5.636361762657723,0.0,4.688850759706401,4.191872316757141,6.715102587531884,5.973560295621368,5.000747669594195,3.94298985757151,4.9102946905509715,3.78687622760484,4.295219660789246,4.30453407439243,3.2519557802325085,4.681958357703058,5.309887102404676,4.257303326962673,7.265704172893585,3.860069907497868,3.5342388842728307,3.9058392114647185,3.825935257073968,6.041295685508065,3.603086528327435,3.9286706623913967,5.5645885190360875,4.2132552756359,4.513330227130743,4.1389207069897616,4.5862253304708585,4.04653917304414,3.8281347343085934,4.5448245044569395,4.092505068312856,4.355300047877258,5.670109542822845,4.125423561843161,3.9900676323471242,4.591964536347642,3.319762046003744,5.976544059125541,4.210324469558382,4.759901853573964,4.455728802059463,3.475888358398539,6.134947423581895,4.067448474272362,4.129713112614237,5.412130601087058,3.546230052969788,5.218004977061435,4.012384231465027,4.541942939127031,4.702809665372233,5.764693832203031,5.086770706648832,4.501681443336213,3.8356744611567946,3.9086290861301927,4.997960530589002,4.611170653191951,4.311526638606496,3.963779500568279,7.666354488331382,4.758538602468159,3.948337916560568,3.7077658901122503,4.730786751633777,4.1927122733732975,5.539726405265,3.927625683537578,3.7977611595387875,3.809243856704289,3.8037130813601965,6.974724896289236,3.8992194402346425,4.390578285389596,4.833331108164657,5.197392469041404,3.4660515003236054,5.34596375636703,4.875006967982193,7.143922131961054,4.488326972879035,6.757698504345297,7.004168992332019,4.704311667319589,4.231527638159334,4.206920414784611,3.925317568400999,3.8590112905891756,5.7613163717500635,8.222477942306385
beetle,4.671609796535886,5.086651134299178,4.461908850436822,4.242399678993962,3.714530441852165,5.0208146968030505,4.688850759706401,0.0,4.2130729224920795,6.638860181716398,8.132908770053206,4.091889726725174,3.607931412053651,7.165299992181843,3.4650133727805494,6.009844198382618,6.750418065560449,4.365683931445623,3.9898587860713346,4.549745419365952,3.5099905590295695,5.499382056244819,3.6155905625565974,3.7616790518604692,5.315508373017232,4.491779108272302,8.330910686685272,4.908686994242375,5.138812725463445,7.739834128531966,5.48752271533613,5.065985494566025,5.291172240120691,5.611206374895769,3.9571988380261205,4.510671027318896,5.705290646913889,4.424161569693074,4.061168346330543,8.286400527757358,3.5805597843383086,3.4295235362870176,5.807773494254067,4.2676339783921335,4.3853961324574895,6.238639810429457,4.180435488783763,4.097270740704278,3.790301443573617,7.946895584117435,4.395377080849113,5.077935608369731,4.296539495869416,4.965328390249274,4.46253198022666,4.24849127164863,3.3438487381290996,3.5904035546570494,4.299119171554584,3.7622803204492734,4.716027807747865,3.7353702976169885,4.646509335638778,4.302370324911819,5.736165483558906,6.183144850983849,5.007171598067547,10.17556139360863,4.973405287246329,4.266100225128345,5.023770328681806,3.2003041669179764,5.01894644894436,4.158701679094643,5.096608435711406,4.911463814250354,4.671968162412662,3.909221691570135,5.435663211868832,4.8193102716216085,5.760600635629019,4.360636384402652,4.120588915435389,5.34461523027325,3.432636120314967,4.735706858058411,9.509244635783796,5.154902715719384,4.743510160086632,5.28831923110998,6.120480348024426,5.099721848892114,5.334193213182361,3.339597048980286,5.050082483368391,4.832111397711462,6.7580714643558055
bison,3.5238305322525596,3.3352598205842514,3.9289910715101923,3.340744710390665,3.6854748622168687,3.6305502155277187,4.191872316757141,4.2130729224920795,0.0,4.615214292525001,7.701465802950481,4.644630489286347,3.3218036140324245,6.613070224911314,3.753151484616798,5.270180814025342,5.672594200734765,3.8643121549022776,3.387361127741334,3.7573568450955106,3.976711785518457,5.4059283801749825,3.5852047966725964,3.536920931006443,3.869155803963211,3.195060888210742,7.074407753850671,4.013643815145547,4.161569340911569,5.986860507583838,5.876906712188526,3.3162773993231642,4.06691398882549,6.361726892951063,3.513155024996514,4.465867123867478,4.141323339067084,3.1768663009855627,3.049946705583446,7.104950184049328,2.8797468230300383,3.1728454746548183,4.026130084611408,3.475895018073405,3.951461159397755,4.752278805656582,3.3508879739618567,4.724269353616757,3.106424446686826,8.034157789474833,2.968885484225886,3.681154253909779,4.674197063692332,4.313808497756455,3.4850716024427277,3.183779572961214,4.751385578390994,3.452297334915475,4.703917640319867,3.749570554796353,3.449980507072124,3.3326212722000172,3.772773398388546,3.5683340012840175,4.171345239630661,4.596027387319687,4.359332012246883,8.41051321262611,3.0932398168471447,3.1279970216273973,5.114758289795414,3.9946292201495144,3.1205541310836717,4.900462848251639,3.666333851522672,4.146170199252215,3.4330309378766186,3.9839873426008925,5.296710921353384,3.8158947427241015,4.852034191448757,4.112077942711222,3.2946727031835388,4.300352309332437,4.765506851202926,3.2343980976790454,8.167849259989687,4.827668119392188,5.372664383490974,5.448854087192395,4.8202839048032,5.173639540953955,3.1692588990930153,4.060195504182428,4.262870370354156,4.163817705840986,6.799010405516423
boar,5.922239776995836,4.822932103137009,4.628171768084916,4.666915018003681,5.970968565109621,3.3995015489840097,6.715102587531884,6.638860181716398,4.615214292525001,0.0,10.259930722685208,6.203371961925842,5.558399893553329,9.155293730118762,5.9528845584492736,7.4917926186006705,8.19223839778553,6.496302703918793,4.681584571885656,5.1775718313066825,6.428436615935837,5.2129467378064405,5.94378225984713,5.716377857067956,5.666598978811261,5.007048593017803,8.874427776516265,6.302054076846772,5.979903013161641,7.214960969045844,8.978396529849997,4.959015276623993,5.973733894356177,9.641849816744086,5.78418908599211,7.08967671868727,5.57496031432857,4.58848752654885,4.335198875566329,9.06197646231707,4.650157414221771,5.273962901389847,5.38005531086037,6.283220264315155,4.681589668454905,7.2442856100154716,4.519446945815376,6.698480438430826,5.212961586511981,11.078472580116998,4.3347278704766365,5.656147553612912,6.171297155469208,6.917369799907914,4.251755469788582,4.680943457425962,7.278639585895015,5.135426090001082,5.397534446605119,4.953806925645021,4.349514579172479,5.231744760330509,5.228340855339811,4.583655180429865,5.717786372008031,6.209109902503452,6.686580913920613,9.579337478619045,3.983462215919239,5.085470255761127,8.162887458634476,5.595352264077823,4.513359699514224,6.191542199307712,5.613383675211642,5.994455430413258,5.668605552247653,6.251416868469482,6.005519201275247,5.840369781787375,6.672746633323814,5.392044022932881,4.381327706525239,6.780277852780281,7.461289960925508,3.928560611702565,9.79492730870831,7.28140502699682,6.4886967135044245,5.619293663451711,6.1563814373044154,7.919260639787529,5.162463146932536,6.153195626691508,6.362029427461778,4.266386254716019,6.338690461932688
bug,5.841650351276188,7.016762896487458,9.639436755682164,7.566524758507072,7.098492160963079,9.410373294925872,5.973560295621368,8.132908770053206,7.701465802950481,10.259930722685208,0.0,9.239482468249111,7.7930383905360054,3.653375531672516,7.478030467148221,4.234009065635677,3.9476610067936546,5.774471721416336,7.997898801602103,9.36144293333695,7.45560034005753,11.72730790568919,7.745308046002291,6.557562308907459,6.074116136017682,7.0103177120030375,4.359753701287392,5.519314435783357,5.913746835278266,5.51870332936954,5.719451706506051,7.3242576521920935,6.2660353895911145,4.856754217901037,7.688328125044547,5.352293051075469,6.1680518913502045,7.570906506911256,7.981568686932861,3.830213699934897,8.03329775502347,7.799191725472747,6.146026368246878,6.328228452136512,9.924607973347264,4.834425982244788,8.477228233234406,8.169251476805876,7.034968127703772,3.9617253701805533,8.125168615468702,5.90474421479379,9.737485445296647,4.697479816167229,9.34992593457741,7.629419567772699,7.665211415474688,8.518424432718017,10.317666899457627,9.385739268036026,8.107518005223952,7.765342548612458,7.285284693682087,8.722453592234338,6.453577303514047,5.409186165994484,5.304453797416386,5.323457747766001,8.32640499077121,6.847661391331597,5.035373248666441,8.77692350349896,7.113699839947835,9.700952225342572,5.970271390756102,6.427904259236787,6.807783443664103,7.750928884693691,11.151386531592804,6.071732126234535,6.1897374546114285,8.793575047357477,9.066513239630062,4.665462882779931,8.790194521518403,8.900245215100448,4.40281145758898,5.8945299941113705,11.143898535493925,11.529892268998776,6.793301744044471,5.357357215109299,6.736968836390378,7.956498091070183,6.064740410855642,10.112457913282071,12.570549882261547
butterfly,5.474707766136661,5.309849283548473,4.338923328012847,5.140753824550291,4.845566506205811,4.826303938159501,5.000747669594195,4.091889726725174,4.644630489286347,6.203371961925842,9.239482468249111,0.0,3.7556497509040194,8.171024059880075,3.82651173068442,7.176658971459337,7.437938660511687,5.337050703593477,4.767477311240759,3.9433470340284664,4.1028693784778625,4.692602071769318,3.546898000423484,4.491300862595362,6.075480645348284,4.837044648649362,9.259578917427255,5.477313920789684,5.93308640329492,8.345817145110816,6.246624784876849,5.2759495024732255,5.520078963576491,6.912797708330482,3.866720900003221,5.775058278053281,6.528600163327008,4.80610482367761,4.476593674178803,8.888430772134111,3.847291627975218,3.850647735008895,6.500004457724067,4.742370211654919,4.188443513459577,6.888459110529647,4.668219861967322,3.8432189122421905,4.245584126144189,8.91203082998183,4.465973239191371,5.640620441476807,3.5086553722205394,6.185066185670576,4.18693942321691,4.61822153063689,4.04912127801416,3.428141362917128,3.599220870359206,3.9460442453624722,5.0073228938204055,4.202598411487107,4.827660351281976,4.084645053974588,6.204374107066586,6.987203634389039,6.0935674515706655,10.91181205325514,4.658889099084911,4.912673989289275,5.917967597589825,3.7665757170611127,5.1342516829452,3.3508641437773994,5.888614629101002,5.343647710465987,4.72201337536944,3.311519560233087,4.455908170580866,5.403760329780561,5.9976185920548675,3.93336038297246,4.353230260789086,6.384014957123811,4.507418561609937,4.435668051656696,10.265512341135802,6.007894645808511,4.490079454106339,4.675105528870264,6.305308287056132,6.097325252900075,5.622452592524108,3.4605955211219057,5.457114672176552,4.101769941487875,5.907158370022463
calf1,3.960899535503296,4.206880179509655,4.277900604828734,3.9714139152861003,3.5722801744478456,4.396017110738892,3.94298985757151,3.607931412053651,3.3218036140324245,5.558399893553329,7.7930383905360054,3.7556497509040194,0.0,6.865717794224423,3.2246365370521537,5.780630973174067,5.956389353058701,4.1331563362397254,3.9587036579013226,3.6435115910735063,3.8378898623842854,5.375205195090827,2.9039983546644508,3.4977603700812048,4.553195220863244,3.6998113891893665,7.833348551572944,4.33627492580701,4.668395917825528,6.871105323375165,5.475836490773313,3.6373238875899685,4.379988621293729,6.006821429006886,3.3034298802646727,4.676419156112493,5.0171470872372845,3.8288404910888785,3.443754830300235,7.51901228666919,2.736873228403235,3.1641440075128484,4.964579958777034,3.6524089557562394,3.990941503946312,5.50662030870211,3.8011722746903436,3.483839672098227,3.29027833932378,7.831341674560686,3.4603286350059106,4.566454723383366,3.80076752201827,4.628160783800569,3.6662015573325752,3.5087672112822554,3.723117092163579,3.0775234045657687,4.072336014160576,3.5799105876453496,4.12680420484902,3.4232956521532856,3.6091787614816626,3.9233047816441244,4.792994507014394,5.435244898412289,4.5538345190478555,9.248017481797412,3.938941715594095,3.6373207773161624,4.974789834926435,3.3548253231521086,3.932381130518098,4.184055010679142,4.204868964042187,4.336362153977724,3.758268413326186,3.1146683975380927,5.093426877657033,4.173257188281451,5.10755940105263,3.934808186533589,3.7803442566903134,4.787134295833465,4.2801118528971935,4.0153288789867325,8.87823029765406,5.127384112316983,4.886996710041064,4.902493787332881,5.070094003171876,5.266020012821758,4.067916493327306,3.261432125588077,4.624502876742459,4.164043425602704,6.4239447820589595
cardinal,5.188892926127663,6.260180828423708,8.48945356267069,6.780346682239432,6.396756699754256,8.350127786197712,4.9102946905509715,7.165299992181843,6.613070224911314,9.155293730118762,3.653375531672516,8.171024059880075,6.865717794224423,0.0,6.633627722099257,3.795989416512692,3.8955750499703137,5.069139824260263,6.9201759227759245,8.440454780341575,6.377604278798409,10.594852948239181,6.713860275381758,5.624915486801602,5.092621637003927,5.9919492219253385,4.488443567213225,4.751165846591909,5.2039986844897355,4.951278395809354,5.36395963381622,6.400788045508534,5.577263511367449,4.547994920225213,6.829027756829927,4.603858321651824,5.146041880025686,6.482161892552546,7.011337542490869,3.8703378461422515,6.996165758840287,6.690873891428794,5.653194139503547,5.3686929902018,9.056683274329666,4.129164388789634,7.281751843476387,7.267571014806491,5.982294832251671,4.151155634363896,7.150281537000317,5.208644875424912,8.725943676219282,4.240881004952772,8.430918278925521,6.566941221374958,6.992807771040019,7.606437050335095,9.051727104772045,8.308841618959502,7.039764767119076,6.7107821734659785,6.168676956292167,7.544334830091492,5.709859383121462,4.59974543688923,4.91332707846481,5.554742313649792,7.313129111562183,5.907744788281724,4.524069102245625,7.696259171501869,6.374254483379743,8.667096756454917,5.273734711356284,5.442012389704808,6.016530434033942,6.764409126421525,10.013952495190416,4.9099081761382495,5.896022652191034,7.826585345072995,8.006803685547071,3.97098640763283,7.836076190712228,7.841598106661459,5.086145258319632,5.158737658751873,10.00492181975293,10.294837489294387,6.3011095760468745,5.21564361331061,5.70737016365022,6.8437457446007866,5.3660752897134465,9.088116779257748,11.20675397565913
caterpillar,3.6424341113888796,4.347005906614805,4.301728682898384,4.161879925906389,4.049559450295848,4.2466146974929835,3.78687622760484,3.4650133727805494,3.753151484616798,5.9528845584492736,7.478030467148221,3.82651173068442,3.2246365370521537,6.633627722099257,0.0,5.548463484911975,5.805646328334149,3.924491957118535,3.8406671686648926,3.9368743077692767,3.319894147723231,5.616426499183452,2.9364022920787116,3.440370467701499,4.425629607314562,3.8215875460650093,7.373108887734858,3.917424198171016,4.442593557266063,6.701171106059504,4.6995808703044615,4.284805431000546,4.374216393588346,5.5805372037643854,3.388999146883442,4.385308395323383,5.287841771125829,3.7321300134937028,3.5733505396620706,7.241614375395282,3.3623114004083416,3.2068266542997876,5.120702068297876,3.637140719344414,4.123592031095448,5.395334774628696,4.106344936886635,3.7592699147946442,3.036513969279215,7.583457902354795,3.5868430796292343,4.2864217303608285,3.880112794295752,4.516911467358742,4.055630484410064,3.5899254039693367,3.304154798456107,3.4725511131808493,4.485566458883429,3.772776738080034,4.185723125128347,3.4758254902386585,4.23115532960765,3.8900191486710796,5.056242676725081,5.494229493458772,4.6965855625365185,9.218227578122479,4.196440666530587,3.941451952993621,4.403320976103573,3.703764010118606,3.8094261249025454,4.5004830751945,4.459654487819954,4.315989244437135,3.5120148652011847,3.52524234191598,5.41664035206904,4.57939286469594,4.911699232133604,3.7028794682250123,4.024170382538935,4.789286507663568,3.9441647701205413,3.7349197804042262,8.622169031328475,4.734396944275533,5.527438077083437,5.362603428960733,5.1061342529188245,4.481145641648893,4.5029458395598665,3.3416559622852815,4.0829925536249,4.353219172139307,6.689032482950999
catfish,4.014393738837843,4.914459511271799,6.983346364684677,4.9317762451651195,4.9444290564573015,6.712761459781308,4.295219660789246,6.009844198382618,5.270180814025342,7.4917926186006705,4.234009065635677,7.176658971459337,5.780630973174067,3.795989416512692,5.548463484911975,0.0,3.8909229414372972,3.7668703142201894,5.3942975359975955,7.281034373871794,5.542425597151565,9.078268294693224,5.7782299632757494,4.166591098578917,4.130477340372797,4.574338103878073,3.9623402237496417,3.6785991664613515,3.79063062050641,4.521429666834984,5.327976157401822,5.1572164255507085,4.53488738563597,4.795985464320302,5.836491859943952,3.54972952830418,3.8547031922351667,5.17807438919137,5.45909242850039,3.9306627605908244,5.674802965984156,5.422373768644707,3.9843448288984726,4.439877762037806,7.539874207631636,3.3303034789567647,5.7570808908001885,6.734159864430114,4.715392133373209,5.020914601544078,5.7848407564838755,3.698582536888587,7.840733286524453,3.081858900071961,6.967113793726508,5.018220759787243,6.211770411126859,6.136298077696918,7.786451667176721,6.951506958164175,5.354163607786957,5.457899458558768,5.010384187234274,6.144625207173503,4.601344265973894,3.487213883186504,3.7975994457838986,5.3954561544320105,5.994957189789684,4.2398947189837966,4.332022720895871,6.355989963675164,4.94846252312992,7.336279454994747,3.8683544786478254,4.236266535684301,4.9432438872054565,6.010933575926273,8.847034949894889,3.939509662506352,4.589755945677642,6.897323994262032,6.510783336984746,3.065947759954181,7.0329729677843345,6.354526389313562,4.767422194148894,4.438134532020083,8.75208220166094,9.124332421878616,5.354929636702921,4.263245603612848,4.404167385894363,5.891602062733177,4.284757059610144,7.613313176356395,10.093127298608849
chick,4.209105982624834,5.030553240077845,7.679693242616885,5.858706186903345,5.551972105836188,7.4931380734014095,4.30453407439243,6.750418065560449,5.672594200734765,8.19223839778553,3.9476610067936546,7.437938660511687,5.956389353058701,3.8955750499703137,5.805646328334149,3.8909229414372972,0.0,4.055081781505253,6.334953247578746,7.024277981057077,6.032735764873327,9.692385202312847,5.95634635676677,5.289086470434075,4.345120571686602,5.054269466893606,4.341711387759947,4.078471151492549,4.402808884179868,4.175540228070622,4.96474542871786,5.472614296861269,4.306451824575739,4.861280094838476,5.6211356084085145,4.0069652793339205,4.644673508936676,5.52060479333707,6.200990967356589,4.386080015559558,5.988709445427575,6.141776189179269,4.47631226922945,4.556149073435182,7.847335201964941,3.702678276646052,6.759738258625795,6.325086028607182,5.2240507674984755,5.289323505267662,5.896579799920725,4.402081743734336,7.600887729379813,3.5895548322754705,7.175862592058853,5.844467627819408,6.286345564749937,6.669031309268343,8.398318335688035,7.310403256598845,6.417822064457362,5.702921664539664,5.605643564532809,6.879799118882313,4.593917114384088,3.7692766510876115,3.7824571048766344,5.26296972738119,6.148494384950665,5.261711908176313,3.991367791214216,7.065099117018361,5.071054688300944,8.04446421987382,4.164578566174387,4.737887148281593,4.749802356948658,5.879052358397255,9.086594296854264,4.524877532497812,4.3814977427405974,6.652758054565718,7.1575925162982275,3.2449399538140877,7.32331675581289,6.794934491946937,4.6835039388874,4.6316349603902,9.208896820859513,9.507549011507294,4.389847288201106,4.463363071197707,4.954561702848367,6.207850662443753,4.698202013392483,7.992560739002142,10.690662555301138
chihuahua,3.097181023097317,3.6684896437981203,5.301717171261592,3.8133908423394804,3.6607693874788185,5.384538970397153,3.2519557802325085,4.365683931445623,3.8643121549022776,6.496302703918793,5.774471721416336,5.337050703593477,4.1331563362397254,5.069139824260263,3.924491957118535,3.7668703142201894,4.055081781505253,0.0,4.050493709032592,5.12112209126628,4.114197486947346,7.13758156376345,4.087750099641415,3.426192808110526,3.8626546667488864,3.317590092536804,5.775127025083616,3.471742335786284,3.5680418800049827,5.370810156223858,4.733959455800045,4.126019286561972,3.7022555654292737,4.800326811597444,3.610667075741768,2.8763687276547047,3.808058727146896,3.9884455709134934,4.071182878179969,5.828980422524231,3.9357973371360218,3.9184505876614013,3.752779757519141,3.3952435171094155,5.686807934019299,3.774356149987981,4.436959853976559,4.717304381468446,3.3618486451270893,6.319783253145667,4.125030926235964,3.253724626816702,5.618109216267552,2.969351275575091,5.005600244610918,3.7551885709701947,4.484719473239602,4.298687053495912,6.07922606153044,4.904939272530486,4.322876723794493,3.70755329367645,4.10371505464403,4.752561717393586,4.084762961912228,3.670120755260946,3.1512334649795704,7.280233928885508,4.4925426410236335,3.1390693850682574,3.849410220950811,4.554206636083379,3.588018654552002,5.56503464589293,3.259579260981355,3.7371112852702195,3.5740734967536087,3.951828328817298,6.845207673102414,3.475099948326322,3.921243452686532,4.8083226513393145,4.872862945686351,3.025913333017251,5.261581045033194,4.857221138846296,6.617326983130166,4.0969936123782125,6.637362705941142,7.101238615175346,4.293593250954324,3.8407580909921455,3.9064338893607125,4.213355576945019,3.8631450272068255,5.740448022492861,8.40784324652941
chipmunk,4.121568352202867,3.999012721638562,4.072537461632737,3.2170574812218935,3.7989411974346763,3.690022209751867,4.681958357703058,3.9898587860713346,3.387361127741334,4.681584571885656,7.997898801602103,4.767477311240759,3.9587036579013226,6.9201759227759245,3.8406671686648926,5.3942975359975955,6.334953247578746,4.050493709032592,0.0,4.461029672852585,4.121326807125564,5.286222344995438,4.134087924521622,3.4647092560481765,4.350754613137273,3.5256836746054736,7.45701890445093,4.490022994862658,4.227493861666789,6.691886995596519,6.582178520711012,4.463343251683137,4.864823364281077,6.6108843618572815,3.761821353924277,4.330756905452634,4.252846322980187,3.509067103239326,3.0463043792445794,7.583241675354812,3.2567392717914787,3.1629690153547174,4.471890405958666,4.306968062014555,4.18237863045087,5.45066722155415,2.819918276062814,4.927080600962381,3.2997969728191383,8.523329788126555,3.515752628752767,3.8680207291370285,5.1302408766791,4.5205569340987,4.009124264022987,3.2435237342106986,4.805751717866828,3.7759614542851176,4.818487765648689,3.779968653483652,3.282444897208275,3.5838372194038843,4.337174545481412,3.4380660813613275,4.795037689483193,4.773643224571284,4.4496710423120245,8.943916877277161,3.984393254957332,3.2598561447066703,5.7942258017311525,3.7453528221356027,3.7520368842582337,4.914838094727635,4.159093333262797,4.649631027669942,4.374620527369056,4.3482383120888235,5.822779978996242,3.981188733354742,5.51907245320982,4.246083416616182,3.359342539281556,4.757590940919287,4.954887602190941,3.8563434701941457,8.600372657419813,5.253768857328194,5.425055739307138,5.461615117054191,5.468356195557369,5.517576239481653,4.256097937493718,3.9991568042715673,4.714051295716083,4.374327391392981,6.980795324662434
cobra,4.929844134804002,4.550155752565114,3.962174555227995,4.4600318918815764,4.6305556398905425,4.183367705200097,5.309887102404676,4.549745419365952,3.7573568450955106,5.1775718313066825,9.36144293333695,3.9433470340284664,3.6435115910735063,8.440454780341575,3.9368743077692767,7.281034373871794,7.024277981057077,5.12112209126628,4.461029672852585,0.0,4.596637966419408,4.528471996827051,3.5685665327066776,4.927507636157417,5.334906662061365,4.358382546851476,8.877354541614219,5.555305709370507,5.637239284227031,7.546001704441042,6.629413527623597,4.417862751885102,4.881765994137112,7.65025389209524,3.574555207031841,5.927682256905806,5.983908559641211,4.135335242384999,3.922846580573174,8.980405782933959,3.4532433803992935,4.005645313388866,5.687447914828388,4.637611827613034,3.2893976485170024,6.747380512285035,4.436359004733114,4.004674938536693,4.139016178664874,9.591189706040403,3.5435555877459572,5.351525473071588,3.3270114008959335,5.92878689228768,3.1113208525998943,4.177450718299218,4.609316009291462,3.4271471257784567,4.089047505629077,3.5152914059920524,4.720628786122618,3.741221973204486,4.780882758005499,4.067535686037769,5.438481903682801,6.45336989536711,5.713476710959239,10.308973740935052,3.7281676932748113,4.700812250619172,6.140289764219716,3.9405100550558196,4.108302192575173,4.49912969935475,5.20526494055252,5.314776060569221,4.08291290087662,3.8932917417463417,4.088920577774182,5.436087901473657,5.599990664449137,3.4381883820883847,3.747864454478121,6.080373481123826,4.5628006375790156,3.6233908086894164,10.001085151550027,5.94641489270731,4.585906296172579,4.2546742487300415,5.41546355655724,6.257542537155489,5.032464776945963,4.142201268738147,5.476715791373946,3.437022414992302,5.7117250039860945
cockroach,3.9403301905054295,4.412025585710083,4.458332370012124,4.291145327407436,4.208062220424857,4.600368348747265,4.257303326962673,3.5099905590295695,3.976711785518457,6.428436615935837,7.45560034005753,4.1028693784778625,3.8378898623842854,6.377604278798409,3.319894147723231,5.542425597151565,6.032735764873327,4.114197486947346,4.121326807125564,4.596637966419408,0.0,5.915377555416577,3.141014348551055,3.741146920456127,4.628777071018255,4.289017234718364,7.502909719487399,3.9132761378210335,4.8237966863514465,6.851607305677692,4.688924301949818,4.389537959391457,4.629521869618171,5.3901426613917485,3.9879617733982133,4.27991148173462,5.267200569748409,4.000063098104868,3.8046007193621754,7.239969372370262,3.793920636489574,3.4076707447108916,5.510276596444995,3.805676447073062,4.806825525592712,5.137205245733264,4.433979737219093,4.402516007500128,3.418243712848392,7.3199671218706355,4.176599065778852,4.244638274492752,4.421663845215507,4.6865841777940975,4.638207846056894,3.9836472160296914,3.526797878134984,3.805296345219701,4.834056275541184,4.327201968885887,4.699037340607067,4.2531965150862,4.63146465434786,3.979197302532928,5.267536236804194,5.658970891217531,5.031813083944782,9.236837119569575,4.2606112723104355,3.937331683443589,4.359629990205382,4.04725275904261,4.499328553281662,4.613020900402663,4.8909279985366245,4.467489377597768,3.815768084991312,3.9732164291062975,5.516155740263957,4.464109282068056,5.2554268466426715,4.235774734266032,4.305731536746634,5.010922166360034,4.004079625446315,4.375788565688869,8.632776928801025,4.496985719833017,5.8853144329571805,5.909794427353562,5.863457827360832,4.521162175919719,4.434230551465216,3.8015894448059586,4.329160067924035,5.005789417939129,6.7478712030241725
coral,7.090503290384651,6.387230564806564,4.318255369766507,5.651833468215384,6.149805089439605,4.162721687030939,7.265704172893585,5.499382056244819,5.4059283801749825,5.2129467378064405,11.72730790568919,4.692602071769318,5.375205195090827,10.594852948239181,5.616426499183452,9.078268294693224,9.692385202312847,7.13758156376345,5.286222344995438,4.528471996827051,5.915377555416577,0.0,5.389229858596423,6.182585959378937,7.38170418451305,6.119037154233965,11.113295496675372,7.541706811005369,7.481816838388769,9.817568599616857,8.944464760159628,6.379862626979744,7.1938625787948265,9.674379315951361,5.511600424679502,7.778521896060367,7.633595329424745,5.559292498957284,5.041308398530099,11.108970398554128,5.007853266903482,4.8725279817158365,7.599607099105954,6.820804946850313,3.549758272642319,8.762169100093878,4.898254203970197,5.69527156761442,5.809495988380042,11.840588329945167,5.024855857150452,7.1347797707668414,4.527715431525011,8.037781303197876,4.226988532274125,5.421456192080643,6.225094519918838,4.612867519195702,3.8951432642368204,3.862940890840781,5.527426949554692,5.348359609033271,6.386130635221659,4.56857833634136,7.550826931063519,8.433264931161883,7.898827518539726,12.59346385748319,5.25860527107337,6.021943941714047,8.49397563846271,4.499069631865379,6.171456701276801,4.236463691097886,7.379863394804975,7.176745592176314,6.359917473757769,5.590160282340509,4.23442894776818,6.9839373249813885,7.722208874520179,4.843538317956138,4.239097984173988,8.21570242596848,5.799655141349938,4.714628251535877,12.253054681168743,7.942552274341616,4.020254097129834,3.3670553563453955,7.640457793903224,8.273062584087047,6.814901130607781,5.319829050787614,7.3281732613788515,3.6057959695198805,4.508664313038745
