,aardvark,alpaca,anteater,badger,bat1,beaver,bee,beetle,bison,boar,bug,butterfly,calf1,cardinal,caterpillar,catfish,chick,chihuahua,chipmunk,cobra,cockroach,coral,cow,crab,crow,deer,dolphin,dragonfly,duck,eagle,earwig,elephant,fish,fly,fox,gazelle,goat,goose,gorilla,grasshopper,guinea_pig,hawk,hippopotamus,hummingbird,iguana,kangaroo,koala,ladybug,leech,lightning_bug,lion,llama,maggot,meerkat,mongoose,moose,mosquito,moth,mussel,orangutan,otter,oyster,panther,peacock,penguin,pig,piglet,polar_bear,poodle,possum,praying_mantis,pug,rabbit,racehorse,rat,reindeer,rooster,scallop,sea_urchin,seahorse,shark,shrimp,sloth,snail,spider,squirrel,stingray,swordfish,tarantula,tiger,toucan,turtle,walrus,wasp,whale,worm,zebra
aardvark,0.0,0.08868853922502173,0.07021607267102215,0.09533174489399188,0.05002669500757506,0.06934206519177555,0.1432910939069103,0.1986358947750403,0.06431085616829535,0.06978675444207638,0.6202549590597413,0.4134324274731801,0.044878645040627774,0.10395474275111416,0.3898585007039923,0.21695269999707678,0.06284780300949822,0.057572051141140945,0.05420907476155623,0.1808032194860434,0.29622869376917405,1.3763706098871398,0.09121743840636265,0.8924568081447231,0.08609762982561286,0.07580977774715292,0.35763004390915454,0.6574639006563783,0.13064422935598086,0.07532724386897449,0.43411909984810504,0.04683826113667522,0.6233707493230392,0.13390035037818937,0.0624893329858186,0.08066343761391692,0.07908845315499524,0.1382057098069358,0.08073420578538104,0.37204806546615643,0.0728577728838804,0.06943000236951213,0.05720407343678158,0.08790869008841828,0.20390242158311478,0.05012736372413562,0.0778160226804272,0.15314253733358818,0.4027066413356333,0.4122195509156783,0.0884459616334421,0.08318634152040993,0.882618694286077,0.1058833266593282,0.05619498802976941,0.056872869646334756,0.23758801371839278,0.12971777040198318,0.5718112604074139,0.06778378353934433,0.0948626418009485,0.3445389061703079,0.07386619514308923,0.4609999282858581,0.12724281822252947,0.03997004357924239,0.06421415055938695,0.04562988252736844,0.08095215790861232,0.0578372733739716,0.6093183287859719,0.07794643217721087,0.05673681666269159,0.10076181384633809,0.0683339583736563,0.12796648813198275,0.09334403035226824,0.44522962287427914,0.5136783508553067,0.14249606072833476,0.7050155342585057,0.5370433854745559,0.07655503105369998,0.23627328894401367,0.5599944593757664,0.05988972648274027,0.6547049089456788,1.0556898487673863,0.0774583589827409,0.0741391077564425,0.09396338735684695,0.3263601749422411,0.0667506973674058,0.18240990194334838,0.4291137662417598,1.070736343280854,0.08888774136326616
alpaca,0.08868853922502173,-2.220446049250313e-16,0.13979959455615643,0.10031195880365806,0.09300755611141298,0.09889684085071881,0.19673440391805064,0.20564295277934685,0.14194002388460802,0.09417904047631143,0.5636544720783793,0.39697303196137546,0.0805277366143069,0.08239106703412091,0.3772305711066405,0.22822043142402304,0.1076909135481463,0.1039656840891735,0.0916702027178623,0.2002563372658619,0.26039427668655946,1.3772452938411934,0.1303481737141743,0.9092329136040455,0.07640591416729436,0.10542566972844247,0.39115058005380665,0.47940748194029736,0.0866447984529386,0.09725914085711818,0.42696317441831355,0.1254902069374918,0.6613489776026706,0.141136730516358,0.1314515008126519,0.09943054264752915,0.04927880567208298,0.09327955569436175,0.0761687667963058,0.3320370207301655,0.1236480031750028,0.09208114921642374,0.1003112077158036,0.09813930643405289,0.20121953050870878,0.058689216025101465,0.11165207820475387,0.18972254737589933,0.5461025814612416,0.3766117771334274,0.10885647963174094,0.06961243990723076,0.9674767287094512,0.061592210821256876,0.05606251350519331,0.11184610356609259,0.21751637133276025,0.11808294727449131,0.5777149104358426,0.10894873459043486,0.05621445893142352,0.4628559003986249,0.1218137876054236,0.30563846536181616,0.07899093046153838,0.08966943167494756,0.0944900804064771,0.07905710244343811,0.10307400629819918,0.10216761409146635,0.5478957587962718,0.09789780918259161,0.05889320439763246,0.05735332123932191,0.12105841693861163,0.16058744009799475,0.05397808734263798,0.5427768743570209,0.46243166124414137,0.07836338426455702,0.6145144737247223,0.616461641514631,0.12537665645389584,0.3228806588745967,0.5127132959931602,0.09837595329279347,0.6147477359556416,1.0085965699898338,0.11579398327415769,0.08580692655864408,0.12204513362081004,0.3354903382378328,0.11533389605753075,0.16851894971684245,0.33177291327424285,1.0854407727303552,0.09211770975569589
anteater,0.07021607267102215,0.13979959455615643,0.0,0.15447581080639983,0.11332714731834859,0.08778977512128139,0.19424573331884343,0.1461168855759849,0.04851799173686122,0.08430696545410388,0.6621524643674599,0.3604939199155489,0.08101725469488064,0.13549893923455325,0.34380969882293533,0.32656461169994455,0.13085970020019388,0.1193472358071963,0.09658403861519693,0.19359659549167996,0.25023522967156797,1.1977069631831438,0.07491339000590735,0.8043588596184996,0.14304751641245028,0.064563708934401,0.36638166479775947,0.6709920071857828,0.21711202946008268,0.13456523793089414,0.37236790014534726,0.07040354597519072,0.6729879664693075,0.14688146346687192,0.08854549413431057,0.10905796629769227,0.10681146197043279,0.12998288609141617,0.14860299806723865,0.3655047376617293,0.12995718040049486,0.09398638416530236,0.08432033316379761,0.09354007794874053,0.19514817774223325,0.08071379078704788,0.11204635205560443,0.20473515377501084,0.3431361037606723,0.4122556101588668,0.14495676253219614,0.0791933182932566,0.7660679686136389,0.17023644951536587,0.09877540663875317,0.060176243242576755,0.21097640023156128,0.1785442905015927,0.5039805732829684,0.09207217139994539,0.15416714715294155,0.2717719771724223,0.14068275848309464,0.49882167956618706,0.17186149617297475,0.06543388297605846,0.15806699499175025,0.09753688592389109,0.08715498163034185,0.11373106948910205,0.6106486584667654,0.11593053693663302,0.12631206226460712,0.12010228389485333,0.15069310761436716,0.09884184939067542,0.13080406405291,0.46275122251175604,0.5523405549778768,0.18178913099944005,0.7752441781853205,0.4965851145208291,0.09391946145628816,0.3165573111371871,0.4924628611734446,0.07238125020692032,0.720161201848647,0.9875871285891703,0.09474914306831317,0.09558430369731852,0.09670641030785321,0.3475613648704592,0.09992473794338363,0.23040094855504434,0.4395028589456751,0.9288982024865691,0.08172874657297602
badger,0.09533174489399188,0.10031195880365806,0.15447581080639983,-4.440892098500626e-16,0.0810241465671856,0.09955384163861147,0.13460551923027542,0.3006114469538126,0.14379885628207023,0.06723566612149279,0.6761166435072408,0.4863541598076183,0.09445713023387792,0.11146291918044615,0.3484354151440986,0.19095912650225233,0.07411865904926762,0.07194448066066006,0.06948458977533845,0.19840760931578938,0.3615387001007685,1.3614835032650667,0.17162469550818282,1.0179359724859964,0.10049508380937933,0.14003830658914462,0.44161317811313505,0.6556070187524478,0.13280987982283665,0.08669791682610428,0.524980768112336,0.12950091376245665,0.5512534213567171,0.18182169774659962,0.10521270720077558,0.13616120174751067,0.13078248178526808,0.14621448654386127,0.07345565057810766,0.4336345192301855,0.06574826339208895,0.10771096515139222,0.1255495587645873,0.1441209775681076,0.2042860299730188,0.0863256931439762,0.08336237826212456,0.18854812225910456,0.5908521901499671,0.4691490652932383,0.06907225302645803,0.12252711262030169,1.014774670643755,0.07373732618837148,0.07643719335562182,0.11936682267522492,0.3313443234757979,0.1345795574923343,0.5446287368332756,0.08027577785763373,0.0748596984517016,0.4264895402271002,0.06917834266745315,0.3922361281673501,0.11940525095180188,0.0999951131095086,0.07093687401753679,0.08020703424089992,0.09856377313853448,0.05806708970514207,0.7571502193589834,0.07365794623519184,0.06455922144511839,0.15855100089455487,0.06543284587511333,0.19778853391538598,0.10855780634259071,0.5397376297132196,0.4354615067512385,0.16261319293088616,0.7029547407997367,0.596725779504933,0.10812426203358694,0.30497034351511854,0.5746154159946046,0.08533170459818928,0.5726622107856476,1.1604821678741954,0.10858078804648463,0.09420026015402827,0.1492080234343175,0.38088830355738656,0.10132695097019073,0.18471257440266486,0.44292010990217434,1.1155392539782925,0.13241883297186685
bat1,0.05002669500757506,0.09300755611141298,0.11332714731834859,0.0810241465671856,-4.440892098500626e-16,0.09448082385467449,0.12308212818466502,0.22723348541174582,0.11282932054690964,0.07708865822943645,0.6408156242836787,0.4063219925136985,0.06412194545955496,0.08222615662124055,0.37263330416064167,0.21935723711213206,0.05184760690758339,0.05042363086596735,0.052293463319108335,0.15957044434087309,0.32905182376485287,1.3954019099513117,0.13343862530070105,0.9919912573784643,0.09456877133882502,0.10910660458706889,0.38205943056503777,0.68626066140882,0.10745569339826067,0.07609220848715592,0.5026271124011564,0.0728003283700549,0.6284801009298374,0.1714476501269515,0.07824436174691374,0.12392354095696878,0.10636570288543523,0.1377157314699642,0.06348446179619882,0.42001551246407365,0.052613620431631536,0.07364385860102884,0.10709043503018723,0.09038973761358171,0.22422990711847024,0.07299085581316134,0.055694385439259086,0.13759256963534905,0.4587437117838993,0.44146755940673377,0.0745844733289458,0.08823188599990917,0.9238229585574604,0.08056948283013865,0.062312563008403044,0.07796576349522821,0.2701722544254894,0.105409467209711,0.5594381841359257,0.05599812060212184,0.09340832453321257,0.35086003687966383,0.06137059548309509,0.4524415718183852,0.11887809100222002,0.05849952583846485,0.05813226931709847,0.06117002233801749,0.08411149712231458,0.0494010704561374,0.6890068757831252,0.050796815546225726,0.06448617691461678,0.134402287440891,0.07869709912749634,0.18409931600159712,0.1108619281850789,0.4271129428478079,0.4725177962932615,0.12299188761344104,0.7422876808377594,0.5678836491300172,0.08724376299279823,0.24600797826468912,0.5322654102164778,0.06916084983436688,0.609078668521448,1.0690806203199563,0.07405574004257098,0.08102434288580129,0.09406350935369368,0.3827302379579196,0.05525214450038196,0.14581136010262408,0.4524091865881532,1.1529850829987232,0.1236553548151259
beaver,0.06934206519177555,0.09889684085071881,0.08778977512128139,0.09955384163861147,0.09448082385467449,-2.220446049250313e-16,0.17634674656216331,0.18461585822900262,0.09256141634140935,0.06471039395224754,0.6434127526825801,0.38571533590360785,0.08696968158213991,0.10931187160941369,0.3588109967879094,0.229498564984415,0.10068776960727632,0.10950916555405577,0.07879701187413668,0.21883840364574092,0.2465659922744038,1.280378356341654,0.12242216907596337,0.8460789753506869,0.11113023167830749,0.10282507697980336,0.3912632216511376,0.5977073906121968,0.1536944869445377,0.10357503869372808,0.40966021981486356,0.10388834168990924,0.6160746286488512,0.1250638647778951,0.1012174806511803,0.11455756592744748,0.10047230002589425,0.13509731767854216,0.10355951713871947,0.3597739034236761,0.10606202927436792,0.09069920878736659,0.06826105438775931,0.09795487594215369,0.1678893779784143,0.06718619689568461,0.1038487764365651,0.18532287360602628,0.4570280025496015,0.4000390617463546,0.10784602120940923,0.10801567071081442,0.9117258920662749,0.1304223477561528,0.08134112494396217,0.07709324685918273,0.23920547764604416,0.1284321646477219,0.5087090144346029,0.08547847479771842,0.09913800112772164,0.3574546140309446,0.12243950445007368,0.4077750484424687,0.14866041495663362,0.08261823615584285,0.11385244701274932,0.07982711515165752,0.09986161825118323,0.08825342049875584,0.6477196997217434,0.10470495996748763,0.07723360788923905,0.09350424205758012,0.10218064768350466,0.1466156015420268,0.09374450711709548,0.4845676003074483,0.4233930884555124,0.14039319089503854,0.6736575778506375,0.5499536384629944,0.10803938582641215,0.2728598143741813,0.4990672167580762,0.06576893028300534,0.616277512396074,1.0206587234351268,0.09566498318384964,0.08736364221948734,0.12340265160779329,0.3118254278550645,0.09817518985037987,0.17521964531083334,0.402315299669619,1.0294641808621912,0.09204632071203023
bee,0.1432910939069103,0.19673440391805064,0.19424573331884343,0.13460551923027542,0.12308212818466502,0.17634674656216331,2.220446049250313e-16,0.38077443608286554,0.21088310535419807,0.17157473406451296,0.690140635765542,0.5409505749641419,0.16059895120633794,0.16785029947559238,0.4229004871908213,0.25302422325529217,0.11051355726921419,0.1154081206969757,0.13339540214993995,0.28880793984189945,0.46362454733325087,1.3469640638696256,0.2382407439885842,1.0971968141684747,0.20483148009805885,0.20156644944142033,0.4279241631921039,0.7738964519291688,0.20720256160852468,0.14262220985215035,0.5332029236908111,0.18265229585008114,0.6039005824720236,0.22013067413469967,0.16051737206846184,0.23583779627532808,0.21784122956844865,0.21320554115367474,0.16012137260786707,0.477496048654112,0.10733906109928104,0.1792913130619297,0.2321161316268261,0.22391146000506157,0.29194828591990907,0.15654901739779237,0.13359448821459596,0.22342546031841692,0.5413800580148452,0.539428921332203,0.15888792454461076,0.19989553292421025,0.910803734386218,0.16028699049470463,0.16979588821776603,0.18649022959046357,0.3927613513576623,0.22936329543850076,0.617982669208003,0.11895740951141842,0.1700454437115586,0.3948077010024783,0.12925353685459318,0.4922785309955292,0.19546331979534648,0.14163907855959024,0.1460834637865539,0.15891640681770802,0.16788206519570648,0.12532719000244918,0.7383768548884918,0.13331438339240675,0.15197073622306212,0.24679080994686553,0.13516906987400967,0.3062704159915809,0.18089687815519595,0.4523150027470705,0.44466458221218275,0.22311628032316866,0.7558568383381448,0.612723597635972,0.1599545031197953,0.2551404894918624,0.6879074978888076,0.14388833795459877,0.6159377648232356,1.2106040001361993,0.16582985387063232,0.16139267366525312,0.18918272298615124,0.48804692885444334,0.15507074538663168,0.21199788826814814,0.521320117738691,1.1899417461935862,0.22689265325442842
beetle,0.1986358947750403,0.20564295277934685,0.1461168855759849,0.3006114469538126,0.22723348541174582,0.18461585822900262,0.38077443608286554,2.220446049250313e-16,0.15625565243401018,0.20947195855870804,0.553744777568967,0.20014703035991066,0.16322274588542895,0.23012379951740136,0.37310860949213065,0.43881839766198283,0.28040773465729896,0.26151283281727256,0.21934884548825395,0.24190082228650778,0.15014248307875966,1.166596371825418,0.11315424889887715,0.661126331318106,0.2383443051991112,0.14361421717940026,0.4109473762701973,0.5007308324747433,0.25398482585199655,0.263703993124775,0.3829479950719007,0.21717027549704992,0.8015635250056259,0.21342311549780735,0.24599674082531786,0.1808744909180411,0.15207958018443024,0.2093164590570442,0.2579622699277062,0.38233777109974154,0.26620150892210503,0.1802436614690327,0.1647659815408441,0.12849755528747042,0.2600135179287687,0.20096805127126705,0.24194659066291357,0.2165317958010201,0.38692392038291223,0.3837977965678867,0.2581139695111837,0.16103380569804837,0.7286994040278132,0.2772172982522343,0.1804146303660703,0.14242041219050694,0.15361447943895623,0.19202106126580187,0.47210684633676614,0.20756665655608997,0.21143854299626752,0.3715770227676086,0.28731840566711375,0.5238598548874758,0.25922696949321755,0.17865800001434196,0.2640240986409508,0.21793842664532648,0.1922829260820429,0.23540341418273014,0.5503413689234766,0.21650931881726676,0.24599064873348375,0.14539946311549823,0.2717360364064568,0.14864229163370468,0.19358852283430683,0.5389674567459215,0.5784869855580937,0.23304012823028397,0.763102645275769,0.5282326623698728,0.23644225788518947,0.4358973025704914,0.40592028393102964,0.17703623953984604,0.7107679941032473,0.760218786791401,0.1765739129455416,0.18203809977719976,0.16999694048219083,0.40020354757696375,0.20755197422386207,0.27662808367076774,0.43120349793997015,0.7223785089612007,0.13647248208021334
bison,0.06431085616829535,0.14194002388460802,0.04851799173686122,0.14379885628207023,0.11282932054690964,0.09256141634140935,0.21088310535419807,0.15625565243401018,0.0,0.07085807437211378,0.7038874863669147,0.3527369017616194,0.05482921021422449,0.1391824520093652,0.349072743319782,0.3267129241672625,0.12026288829339238,0.10253806862502846,0.08178412479222053,0.16661875447128094,0.25301358496519666,1.1822551284937197,0.0794894860294274,0.808646231795637,0.12773786545728427,0.05747739928603757,0.35898114624204136,0.7009521820886699,0.21805512691523588,0.11634598970104393,0.4288973686482146,0.05695201138703532,0.6388705153892176,0.18271405604199586,0.06705963053295216,0.08908794575751156,0.10681369791648132,0.15253357472356555,0.12821955462242074,0.39897187007804447,0.11073792582632791,0.0771485601478682,0.06586902940092365,0.10300493759295237,0.16323604333922692,0.07557880061362154,0.10336483116836126,0.20260475546489476,0.38176102538841106,0.4730393891450142,0.10613350947116806,0.08233198803235409,0.7486852053420745,0.1636840278513958,0.07672222365940407,0.043542867389682605,0.2363007058369625,0.14423935349158223,0.4769478115182463,0.08185200542981264,0.1422214396791518,0.2708506779641725,0.12384035806532356,0.4978312921803293,0.17998593272023422,0.06034458551958799,0.13543311182384965,0.07379795442645087,0.07378502999863967,0.09278188638422924,0.6529893239255,0.10828118803934117,0.11253660601821014,0.13470148926261472,0.11887362614406227,0.0860454195221857,0.12951583229481378,0.4586706516883142,0.5294777694303984,0.18837191546042442,0.7997510032810509,0.45517679743059125,0.08143353325818359,0.34198935704530653,0.47612687110635554,0.05658681979467972,0.7486580024263045,1.0293072357685946,0.09658984784722535,0.07419592643984396,0.11299414919582185,0.3392315036423965,0.07668419843525298,0.2377351154664712,0.4320586208944297,0.9098419569088645,0.08016830183502444
boar,0.06978675444207638,0.09417904047631143,0.08430696545410388,0.06723566612149279,0.07708865822943645,0.06471039395224754,0.17157473406451296,0.20947195855870804,0.07085807437211378,-4.440892098500626e-16,0.7545911634431747,0.39888289443772484,0.06012001368386899,0.08396191544559983,0.3124920423770998,0.2759031976688724,0.08659450712599925,0.06681915752370593,0.053842055775902176,0.14327672923360069,0.2900074970048029,1.246817959002856,0.11524819719298285,0.9410584509368326,0.09057304660202103,0.08158843402301019,0.3671554099958082,0.6847606498936545,0.1440791254009114,0.07733425295268659,0.49040506696835706,0.0695321052504434,0.5993595285757901,0.17408556354163363,0.06605361974516188,0.10391545114430423,0.10343104650850077,0.08932897169297593,0.0712722808323204,0.4513618141255954,0.06790728640665844,0.06238119621837468,0.08280999151482205,0.10148430741052672,0.1308260463811184,0.04823118107861191,0.05716662078560841,0.186024904278016,0.4911111717674518,0.49658058267849015,0.0600870108568452,0.08004704867498147,0.8722890722646486,0.08695886820021193,0.05446842356735648,0.06420236659057366,0.29215956584708214,0.09112672394529742,0.46270041383453764,0.0498136877380807,0.10217621666111298,0.3198680725772092,0.07367926840801808,0.41286392102512237,0.11557726087517428,0.0659275575328424,0.09135828503624255,0.05698670122277194,0.04783315325218307,0.05392931875515705,0.7191669878741882,0.05960071927132926,0.06530061893995442,0.11263358420756409,0.08977895371711309,0.14542783183178087,0.08835872234194642,0.47586884107377847,0.45701623703852945,0.13065374771423288,0.7400414719793486,0.4825335044546347,0.0765162327838389,0.3231001390685936,0.4393268298258649,0.042769102761790245,0.6272490672165836,1.090173386567035,0.07473674724732216,0.06267350229091839,0.11052607010190418,0.36931042923671054,0.0635208532914967,0.19892349480787752,0.3976896066043717,1.0161698601079232,0.0713541814667733
bug,0.6202549590597413,0.5636544720783793,0.6621524643674599,0.6761166435072408,0.6408156242836787,0.6434127526825801,0.690140635765542,0.553744777568967,0.7038874863669147,0.7545911634431747,-6.661338147750939e-16,0.6590301220393094,0.6540894091760285,0.6683307737673169,0.8945909448774404,0.5448149966350355,0.6898191010564634,0.7259496095969831,0.7231517853201977,0.845801777796559,0.4264025255931291,1.4714296650792902,0.5880500821717838,0.6246515518196016,0.682758350823446,0.658723095857072,0.8878582106573618,0.4119948535183934,0.5527758331447182,0.708912225206771,0.3681490600373801,0.7283266235256058,0.9821325839073873,0.4318545487769908,0.77447471184184,0.5688361572172026,0.5426307083947837,0.7019127396406915,0.6792731695383981,0.38731662006685663,0.7395886221024048,0.7227274322684338,0.6103678096225815,0.6124307837702511,0.90911151396486,0.6531609210986153,0.780397634982406,0.5329946208723542,0.7046196547580088,0.30737070822067625,0.7595515469429944,0.6400889341813649,1.187585508243267,0.6754755356216491,0.644699764958101,0.6666681290346503,0.36785546964148097,0.6982331186593009,1.1123621255851026,0.721933730789912,0.5668539038727912,0.9895135219306561,0.7431779359691468,0.8053265654066232,0.6219633827869981,0.6377386211903944,0.6316991275053514,0.699715919918799,0.7764597566575283,0.6835138307304707,0.5401256683197302,0.6958880175600789,0.6254220604232773,0.5152256405847748,0.670786070128262,0.5584030516356749,0.6104764763042247,0.9211567367035545,0.8295349077538918,0.645621170268309,0.5500868671684189,1.1979996416589624,0.7472863561259102,0.6208566550460397,1.0871527401359997,0.7149000863287021,0.6526138936589432,0.7871434838532081,0.7111816479297106,0.6705697550012033,0.5996688765590724,0.4640260910079873,0.6841497069455711,0.5084639622186823,0.7477206706144295,1.0093691226356438,0.6573389951273925
butterfly,0.4134324274731801,0.39697303196137546,0.3604939199155489,0.4863541598076183,0.4063219925136985,0.38571533590360785,0.5409505749641419,0.20014703035991066,0.3527369017616194,0.39888289443772484,0.6590301220393094,0.0,0.3335401452430542,0.3673600148306738,0.3963848531120846,0.6490256367206582,0.4733087893681458,0.44194506670666134,0.3823442751463665,0.34816528894547527,0.32090496374045185,1.0421257648996123,0.2957598046628067,0.7394963149647991,0.40988373551401713,0.31392762110690253,0.5318974928797779,0.5806686545965838,0.38477361053525383,0.4390187065034128,0.5561892562241015,0.4228620009870999,0.7401612360955228,0.39126891800839747,0.40731386167062344,0.3769817221865529,0.3675784864888565,0.35903683769736294,0.427725819146466,0.5365960640586065,0.40477573058717387,0.33176184863214975,0.3718165284319217,0.29188527591300273,0.3639181210314202,0.40135742581464207,0.396218311566358,0.3100585198924801,0.5060469592186683,0.49261456664377756,0.41046736223670566,0.35929309413687227,0.658450849992468,0.42830909213332924,0.34950295854849744,0.32164488993801066,0.3015202218452575,0.32154846516054336,0.4656944463798598,0.3535928138791713,0.3807510761011971,0.4374814422165696,0.4647254349610208,0.5742568482748266,0.4006249678001358,0.38843003094062023,0.4423190191285854,0.4051898024845829,0.35677673864182935,0.3958268233666985,0.6303507128759119,0.3720515329934533,0.4347826788343897,0.33466043975001003,0.4358136472248211,0.36249131067790064,0.3676543967911461,0.5900834733260454,0.6249592589184458,0.39106537604979563,0.9010579079302241,0.5188122557876145,0.43551712215729443,0.6486479047390536,0.34860533342179756,0.3384794449363091,0.7299219528000918,0.6965104901863282,0.3353708079928409,0.3270664589695148,0.32202230954018873,0.6065394117117624,0.38511351409479044,0.38654602422968065,0.5563885614711863,0.6869167403956309,0.3275509020179057
calf1,0.044878645040627774,0.0805277366143069,0.08101725469488064,0.09445713023387792,0.06412194545955496,0.08696968158213991,0.16059895120633794,0.16322274588542895,0.05482921021422449,0.06012001368386899,0.6540894091760285,0.3335401452430542,0.0,0.08605447813954403,0.32394964979032037,0.26778680796410936,0.06706028085568139,0.0508234142071603,0.039379378064841264,0.1221214391001787,0.27087220410077595,1.307323569414951,0.06541513443271862,0.9045660968869434,0.0702918627919048,0.04133240427427953,0.33491139728793706,0.649057266516107,0.12116799274083545,0.06683203153110051,0.44976607584137906,0.05262742806786891,0.5948957380699289,0.15681898117735804,0.04405876412646448,0.06482541245424256,0.06620805584072043,0.10836373025280954,0.06426535509298292,0.37124087821439167,0.06011188511164478,0.038725294751905004,0.06552323639622248,0.06148851584061543,0.15534745508083503,0.04054349067636975,0.05666347487368517,0.14204109695573486,0.4440583931607136,0.4389173924395344,0.057349473464000544,0.05536904092491601,0.8129996841892351,0.07818637885526591,0.030052651533999497,0.04076152954717949,0.2300817837903909,0.09393863928818047,0.4778757921860656,0.054966342948651103,0.07706676104056454,0.3196266953030811,0.06565680281112563,0.4117295070377628,0.09915776641936758,0.04121242047068008,0.05344777586962435,0.03761892983401516,0.04720026503182695,0.051291710069133134,0.6336712048674729,0.057052032849131185,0.0545024996984278,0.10398420435900702,0.059227401362642706,0.09936094777155247,0.0784060448300482,0.40813343131593804,0.49616983118031077,0.12997554031516134,0.749896713830944,0.44718532530117694,0.06183953778312157,0.3133678672314687,0.47227035450335875,0.04298139211085428,0.6655078522190573,1.005984150261132,0.06356158403026047,0.04574671258311125,0.07948795138906539,0.3607363789044814,0.05241141833150753,0.18891983266474,0.4077987371249674,1.0083212410923854,0.07312439256229519
cardinal,0.10395474275111416,0.08239106703412091,0.13549893923455325,0.11146291918044615,0.08222615662124055,0.10931187160941369,0.16785029947559238,0.23012379951740136,0.1391824520093652,0.08396191544559983,0.6683307737673169,0.3673600148306738,0.08605447813954403,-2.220446049250313e-16,0.3473702274563224,0.2978997123519621,0.09517218675466388,0.08488580886560115,0.06350599312271243,0.14460316677384422,0.33112696294602284,1.35990160726819,0.14140066876686153,1.0119828397213835,0.0723400411972589,0.11006086339640753,0.3383919167311874,0.6116855850188385,0.10141671940216279,0.07051751815276452,0.4778915680790877,0.11470896416577858,0.629936182287304,0.1536481774334688,0.10557907674297173,0.12714766729182225,0.0987691217435741,0.06524751673654627,0.07753912697976661,0.3918008506084758,0.09082405984484487,0.057759293650217036,0.14808155369035836,0.07368646381961197,0.19262816618174217,0.06756346560243431,0.07857275569894895,0.17292549393989232,0.5442581870199282,0.4315953029570636,0.0939332155809306,0.07747390533350618,0.9411209953099832,0.05704056099203658,0.07737854297445412,0.10142671524167712,0.2683017044665278,0.11785410052269696,0.5213609089994511,0.08637291759472387,0.09411840854051823,0.38527106025541924,0.10075187114361073,0.3402859894616568,0.06012592850170073,0.09543635661512007,0.10234582733669595,0.0755450758410019,0.07937025830407107,0.09226183304802882,0.646340630134484,0.07508100199099021,0.0793869355826915,0.10412585209445946,0.12462397199176312,0.19538075165484958,0.05619139144653218,0.480733386896782,0.5160665591781292,0.07868176177055797,0.7083873655391193,0.570842538095762,0.11847418289029665,0.31720084013797234,0.4683063211830415,0.08292245378252694,0.6028050517421806,1.006151156786389,0.09611974074357799,0.09139477147527242,0.07570594588726509,0.4063210403163665,0.08603897968655339,0.1516521112610858,0.37170880933755224,1.1151550619093764,0.10853315593136903
caterpillar,0.3898585007039923,0.3772305711066405,0.34380969882293533,0.3484354151440986,0.37263330416064167,0.3588109967879094,0.4229004871908213,0.37310860949213065,0.349072743319782,0.3124920423770998,0.8945909448774404,0.3963848531120846,0.32394964979032037,0.3473702274563224,-2.220446049250313e-16,0.5267955854576593,0.3705010757504794,0.3671868655904369,0.3243515875978292,0.3686938214803259,0.44402290154114743,1.021137286139882,0.3400775045227338,0.9852963710771006,0.35762840753470915,0.32943793810310773,0.480220073109519,0.7460121665982984,0.3929822858955595,0.35903179486823367,0.6158747603038063,0.3983256661938004,0.5578175238122768,0.4005624056539918,0.3348788828427378,0.34595977964447655,0.39941386085892616,0.3319906069648224,0.4089022506628073,0.609058356714357,0.3490503717762822,0.33792877125505416,0.3650986923846963,0.3610471859625498,0.2719761551905667,0.36484992051254694,0.34984004177401795,0.3471389893959862,0.5931641399482559,0.6118548792325726,0.3153765672312373,0.3483157384373904,0.8355522619804103,0.3887820375190454,0.3235073851458796,0.3351484797465504,0.4759715428825436,0.32114982921416035,0.5320954095116075,0.3298688435923224,0.3803254741249803,0.4795928702785571,0.38791586620861673,0.5460893879120504,0.39773756302338326,0.3875782639385831,0.3860884014997845,0.35068476758317946,0.33087708696699936,0.3519256241998795,0.7382721018678833,0.3550775246277208,0.35565261578117935,0.39832608354378474,0.32482933953234405,0.38004285371100077,0.3316750459178286,0.6007067400537358,0.4776475709319904,0.4072462655199214,0.849516353827197,0.4719189520639385,0.3687468949976389,0.5549328843642238,0.393734067912498,0.2961783384948363,0.6253172424065868,0.939853072084504,0.3351388024834786,0.30514969601872444,0.3908976464534605,0.5343236485263165,0.40591349507009566,0.4192451261369343,0.45314248277148683,0.7480008991759932,0.3181187862808813
catfish,0.21695269999707678,0.22822043142402304,0.32656461169994455,0.19095912650225233,0.21935723711213206,0.229498564984415,0.25302422325529217,0.43881839766198283,0.3267129241672625,0.2759031976688724,0.5448149966350355,0.6490256367206582,0.26778680796410936,0.2978997123519621,0.5267955854576593,-4.440892098500626e-16,0.24115189416574812,0.27059964804201786,0.27649980146346675,0.4680158702385576,0.44655921998601766,1.475306423735131,0.34208905769931963,0.9266522978973267,0.28911623288937693,0.3303460476331359,0.5396814288542247,0.5930934349577823,0.260392960759562,0.278293142915515,0.47579740164867546,0.3032586251613142,0.5907965583148028,0.23379771250594206,0.3228298471197857,0.27334920191420364,0.2513086778011182,0.36068274751571894,0.2623616702270336,0.424869849623862,0.2836513746164351,0.323879167659044,0.247292082714356,0.32490486732595847,0.420432925379148,0.23948026296566927,0.3148155634111647,0.28378657415836794,0.6143420277045595,0.4393592260935082,0.271938260569055,0.3064241373966301,1.1541329442550698,0.27657234500033856,0.2668001183496057,0.3049795088409917,0.4181279000247803,0.30481498296826215,0.8343062214054981,0.2907013492833276,0.22598751762861446,0.6235666199028151,0.2680697988066817,0.4868082139605704,0.3139052532083987,0.27289407513501795,0.214582227584854,0.27648683134594687,0.35804981656328316,0.25272352167330947,0.6877567375881801,0.29400702885555197,0.19056558778771437,0.2715630584351204,0.2131600983391847,0.3452440224363206,0.249858473836149,0.6492636143010998,0.5306614098358267,0.31700734834934163,0.5140751150071089,0.8542638772833968,0.3140838564825359,0.27964449006442926,0.8442477462413077,0.2890473578015431,0.5386569602477047,1.1431025825125685,0.32472364322169167,0.29055957210997096,0.33886346717223936,0.3406111639319158,0.2776026529225062,0.24658380633314103,0.5243018283515386,1.177963785877801,0.3093498882439655
chick,0.06284780300949822,0.1076909135481463,0.13085970020019388,0.07411865904926762,0.05184760690758339,0.10068776960727632,0.11051355726921419,0.28040773465729896,0.12026288829339238,0.08659450712599925,0.6898191010564634,0.4733087893681458,0.06706028085568139,0.09517218675466388,0.3705010757504794,0.24115189416574812,0.0,0.030811068347333603,0.041413406675035236,0.1597063345802192,0.37041008350083127,1.3874310157375662,0.1546382878723186,1.0582477647789759,0.0940381161473921,0.10631065827411657,0.40432093388268553,0.7391576290430769,0.1321237637369852,0.06035419185552837,0.519440952870857,0.08453863374275261,0.5831108265989919,0.19144396679367226,0.06169494263025643,0.13316107473657524,0.1093761451950992,0.14679551795840962,0.06367055106774289,0.4250738631803457,0.04500354235104298,0.0738188755791721,0.11515052398897074,0.11146364076079873,0.21258963589321012,0.07579344193432003,0.05217861637705057,0.16695876474697524,0.5150563549622419,0.49777644830243406,0.057752118998332436,0.0967291889399906,0.9050242968665244,0.07397003512329181,0.05853512603027622,0.09498296529097106,0.32675685843978497,0.1374501024655045,0.572931144971242,0.05780410014191795,0.08814499767037731,0.3561855480876316,0.051134178813996845,0.4614876342280305,0.12716096672879962,0.057842621473093825,0.04853157021100585,0.05082636966426579,0.07776002650487979,0.043192964736076034,0.7227057985022747,0.05357322811747334,0.059948269895897854,0.17084466651185903,0.05349588330760979,0.1886526814905498,0.11046030322109635,0.40986663193135353,0.4529605015528575,0.1400309308108495,0.776461835234888,0.5251425940490804,0.06704326550888795,0.25672669694216366,0.5769819198833677,0.06396667310224802,0.6735769386884978,1.169922926463186,0.09684528470231735,0.08260147685435837,0.1085742800411269,0.4133179526518631,0.07106079461867343,0.18616959633041463,0.4757326526610641,1.167125198189273,0.14236048384978583
chihuahua,0.057572051141140945,0.1039656840891735,0.1193472358071963,0.07194448066066006,0.05042363086596735,0.10950916555405577,0.1154081206969757,0.26151283281727256,0.10253806862502846,0.06681915752370593,0.7259496095969831,0.44194506670666134,0.0508234142071603,0.08488580886560115,0.3671868655904369,0.27059964804201786,0.030811068347333603,4.440892098500626e-16,0.026046189637046302,0.12432133519315913,0.38659411924484544,1.3607315272357394,0.13902163208254215,1.0736212942759906,0.07904220030618792,0.08156164730949977,0.37401073386200445,0.7405439040517429,0.12076163191578138,0.05985196070233412,0.5492240332127316,0.07188545681145386,0.5910793572594302,0.19943500482148213,0.04023142040046712,0.12803210829916134,0.10811102349118706,0.11553876009506858,0.05148082327129855,0.4521063253671128,0.031184334499774646,0.05524991863348483,0.12134287273805955,0.08669374669017171,0.20346864927794284,0.06306723993234864,0.025032372023306437,0.15918405990612194,0.5283731042559505,0.5251267970643516,0.041920839366124785,0.07769378433518759,0.8747571682193958,0.05324093758649873,0.047042139246698755,0.07405952769882795,0.3162761108085479,0.11910324370983194,0.5415622397824729,0.04637432987378032,0.08064419201852635,0.3266655989816547,0.02902106751176381,0.44632246894990246,0.10514136060418011,0.04756795947584569,0.040294479441701836,0.03966266427816312,0.04998583088784336,0.02833773351048985,0.7257152419962879,0.03203252933862655,0.04996330936881499,0.16370823815970903,0.05571371345528975,0.1767544081368334,0.10378392945216075,0.4035234488828118,0.487592657233306,0.13591209366677792,0.7967927149160605,0.48951295255159744,0.04964904163125028,0.2950153020977885,0.5320272238933855,0.054042843541939445,0.6679795584409812,1.1542203104945743,0.08306335984506097,0.06720336358902912,0.08949322794770509,0.4384430204874925,0.05555785999817242,0.19532105206325923,0.47380367543678226,1.1447397200219869,0.11353807114522274
chipmunk,0.05420907476155623,0.0916702027178623,0.09658403861519693,0.06948458977533845,0.052293463319108335,0.07879701187413668,0.13339540214993995,0.21934884548825395,0.08178412479222053,0.053842055775902176,0.7231517853201977,0.3823442751463665,0.039379378064841264,0.06350599312271243,0.3243515875978292,0.27649980146346675,0.041413406675035236,0.026046189637046302,2.220446049250313e-16,0.10622553454154882,0.3457423888144052,1.3125832217463194,0.10427274627842986,1.0064876566168737,0.061669735204982756,0.06268517390030681,0.3507565890140477,0.6922782049933892,0.1072309999893486,0.05211826878082615,0.5245739108170118,0.06555228797478063,0.5647564395422653,0.1779800912122841,0.03420320632249596,0.09777590767349353,0.09617280176702248,0.09804902181042285,0.051114682763562125,0.4229477507277385,0.03391237692745852,0.03234954062939621,0.09318881211957375,0.061982891020795905,0.1587293102237478,0.05329713106973266,0.03150205276774776,0.15420385735929465,0.5093281495739314,0.4955707462195117,0.042702064549549834,0.062018633370986787,0.8674491570173068,0.05135310114390612,0.035455931857023115,0.05140310043456575,0.2848576174302361,0.09059602242590259,0.46959347157742914,0.04352694357890452,0.06988174135428704,0.3066464245770425,0.04177035301172005,0.4015551634878385,0.08489246359711988,0.04617135427936003,0.047067422724042074,0.02578253696804278,0.04041860334739622,0.03212935681692752,0.6991710207530258,0.03486127440414133,0.04742182979929954,0.1366202180536128,0.048905281853163673,0.14194401289389647,0.07982447265723913,0.4050948063646669,0.4838287923566619,0.12134766507589179,0.773784863680876,0.47482850128919474,0.05168270949905618,0.3162009542317631,0.47225356353189407,0.036731626772651293,0.6690014691622144,1.0833570025874462,0.05717587090989962,0.049488844242849495,0.07810635501632823,0.4026005682276693,0.052900404480693664,0.1840416667943061,0.4182602860714283,1.0797271486602098,0.08040753115800636
cobra,0.1808032194860434,0.2002563372658619,0.19359659549167996,0.19840760931578938,0.15957044434087309,0.21883840364574092,0.28880793984189945,0.24190082228650778,0.16661875447128094,0.14327672923360069,0.845801777796559,0.34816528894547527,0.1221214391001787,0.14460316677384422,0.3686938214803259,0.4680158702385576,0.1597063345802192,0.12432133519315913,0.10622553454154882,-6.661338147750939e-16,0.4073390077625596,1.210665200244497,0.20135777382398268,1.0255988216115488,0.13734506060276508,0.14202784511060018,0.36558829723248776,0.7077742173306847,0.1794485543512162,0.14218489950079716,0.6669886230053523,0.1510128377924146,0.6860392248818432,0.35136972893106566,0.125794217363294,0.20395347613135273,0.20479825807548746,0.16046764100913768,0.13239632938530188,0.5734050375530172,0.12284462433864851,0.08320916798487044,0.21727624603236184,0.11127647328834367,0.19769527010322696,0.1576938943405558,0.09625397440959882,0.24277135199677857,0.5511990057419603,0.5746040377129619,0.12399552873377329,0.14510396379405088,0.7545133528815582,0.12466042248310372,0.12004777364814734,0.1359179708964886,0.3684163192046187,0.14613881788684935,0.402711432187144,0.1354761889140983,0.1757879016132483,0.31500128051420473,0.12706841373000977,0.4208149962668144,0.16131224125604737,0.15503727486385355,0.16554429910620905,0.1270589285392688,0.10056123533224126,0.13032716850003057,0.7427997586278484,0.10517030353747459,0.1784805627042204,0.24166764021105935,0.17185277188950276,0.2399909233699944,0.19706614694035374,0.4218212284793401,0.5650554391761433,0.18322150494834877,0.9446052530408794,0.4079903355930057,0.1386523759353816,0.5058346304802899,0.3681591722845854,0.13605598815651587,0.7698037557819027,0.997184181052618,0.12315937695444568,0.11977243127745552,0.12532408293549246,0.5389549489587533,0.13345368588578388,0.28548191127524347,0.4433974564626806,0.9628833871478857,0.15900754910401027
