,aardvark,alpaca,anteater,badger,bat1,beaver,bee,beetle,bison,boar,bug,butterfly,calf1,cardinal,caterpillar,catfish,chick,chihuahua,chipmunk,cobra,cockroach,coral,cow,crab,crow,deer,dolphin,dragonfly,duck,eagle,earwig,elephant,fish,fly,fox,gazelle,goat,goose,gorilla,grasshopper,guinea_pig,hawk,hippopotamus,hummingbird,iguana,kangaroo,koala,ladybug,leech,lightning_bug,lion,llama,maggot,meerkat,mongoose,moose,mosquito,moth,mussel,orangutan,otter,oyster,panther,peacock,penguin,pig,piglet,polar_bear,poodle,possum,praying_mantis,pug,rabbit,racehorse,rat,reindeer,rooster,scallop,sea_urchin,seahorse,shark,shrimp,sloth,snail,spider,squirrel,stingray,swordfish,tarantula,tiger,toucan,turtle,walrus,wasp,whale,worm,zebra
aardvark,6.661338147750939e-16,0.21383440011272647,0.1083609695336668,0.16074228422684278,0.1954335525687595,0.1554711484248248,0.2738051541416019,0.25993442471935346,0.19128364447921764,0.09387303201636232,0.2682615398364804,0.3075706796110532,0.17164044515317944,0.30321847203592533,0.2986699901588893,0.21449163574911678,0.22198551920547627,0.23070980487612236,0.1873679121788452,0.21515448097964307,0.2572578472291336,0.33716627257059384,0.199499650950556,0.23550825670981734,0.24287576731888716,0.18299950645290342,0.23865436377462812,0.3356913054505327,0.24643130216680453,0.2750526494252965,0.25730704565856166,0.16133411912886952,0.24677540123440667,0.3055440566999553,0.201477853481157,0.16638061207944388,0.1372181312063826,0.24203211178545525,0.18964219365141288,0.23923558998372552,0.17959353507025622,0.27766883871638015,0.08654153959061783,0.28937002047685767,0.1634940302288983,0.12041944921247649,0.19631485174076846,0.28366230860195274,0.24910040460336258,0.26681108788891106,0.22072288520000616,0.162757995770201,0.2987407778476395,0.17782641148977174,0.11913242766370724,0.15048562270719368,0.3577928311135221,0.3252545856718171,0.41480393135669325,0.21790093985745518,0.1833861708104666,0.3896910145675172,0.22510772488207187,0.23073040385613208,0.24358250803105375,0.1199529000930879,0.09866956521339165,0.22282320599512584,0.2377208118556846,0.14080932777512778,0.23073234778572205,0.25898883584876053,0.14593477156287005,0.38708930787848006,0.1557849663741755,0.216711583970164,0.1943932210338073,0.4149697556605503,0.2833098961347068,0.2668282144338052,0.274493327048129,0.3921032611781333,0.1885121061379762,0.21451203417541986,0.28568039804020495,0.20716805454987242,0.2351692727671545,0.28092023782223285,0.24197333729815185,0.23649004345959046,0.24274080002704101,0.20298939113570535,0.1850681706261872,0.2933422966318632,0.2701823714489102,0.24769136481290577,0.1807460039552291
alpaca,0.21383440011272647,0.0,0.20753904010316837,0.264754945505996,0.3243458498879146,0.2982572996801942,0.34676306036175186,0.3920827695022554,0.2518004931755373,0.2628160634333553,0.38310254339005156,0.3584812323508373,0.17078737488244056,0.35508845548714996,0.3478236002151607,0.3646229685568505,0.23533406152526448,0.27671220937800156,0.2802392633684042,0.2808388562104922,0.40454893744120535,0.41125436545658434,0.18670117301436273,0.35330607865500196,0.3172367326563228,0.24156918588097898,0.31312156448058015,0.3965835784426065,0.30450073995182436,0.2971893140992541,0.391406690944869,0.26361365230767975,0.34147869267322806,0.43334386693730853,0.25485672372786417,0.23916358174362995,0.1370157844729828,0.26719584569025834,0.23160496629913363,0.34327695117333223,0.25149016207927766,0.30845367852765426,0.24811537398171046,0.3491536368208985,0.27113170516229845,0.18402685741476899,0.23786273299689176,0.3457123201627833,0.3430477653691738,0.400267800781568,0.2731316585492034,0.06175531654175315,0.31982351807685283,0.20886370367169138,0.23959470640752245,0.2668725624922613,0.47854647329589195,0.3921347233541027,0.44699950770988317,0.28240216085187886,0.2650315911878164,0.4129754436428038,0.2960997931018049,0.27866111070467015,0.24941101203969307,0.2321235949705608,0.22153383546095118,0.27506146818104793,0.17316296747978932,0.28453034284676115,0.3149420550810553,0.2622833225722614,0.2257373095358598,0.35500079651866245,0.3285886137399997,0.26520692558164616,0.21026882077642328,0.4371031027993113,0.3704630994597835,0.3276073919304058,0.3807115384464359,0.4178581007516071,0.24490715523492956,0.29840363764373334,0.3493669369194856,0.2666581775265675,0.36232530815223163,0.38928565854001496,0.3077969185834396,0.2987711906765991,0.3233763301881142,0.3073034337227415,0.2677990419517773,0.3880299936038366,0.32734179619490467,0.3386291251810938,0.20881042265702954
anteater,0.1083609695336668,0.20753904010316837,5.551115123125783e-16,0.0941495373811233,0.17965688598264007,0.14169137175525726,0.2615853717558746,0.29282597042412983,0.21801763861344547,0.15987490048371755,0.3088393662314993,0.31212403206391803,0.23092680348763173,0.3131981087110519,0.2979821331275547,0.24750476487407103,0.2768908604449317,0.2681438589793643,0.18687196236333448,0.21025087876639104,0.3092996017853955,0.34740349877312604,0.23990617996643904,0.26067440066879866,0.22390418176158722,0.2245434763819466,0.23251426700064382,0.33372064893620645,0.24772755079401432,0.23731650652282144,0.2949014622437043,0.16685577649425676,0.26130073178131086,0.3258621847156433,0.17334982092568274,0.20199690539591775,0.1640090787060844,0.20625646205213466,0.15052083568002883,0.27200222763079995,0.22109077906667252,0.2532892352664593,0.14316495183125466,0.2990553857737034,0.17853255894016262,0.12710992816060884,0.1463984184881334,0.29907049614596004,0.2585330354410179,0.3041684416431759,0.22629806786333928,0.1535415402361726,0.3234378990404966,0.130162750284588,0.11106707737641974,0.1787700386788914,0.415933968821218,0.33476557278409813,0.4233360445504746,0.19798498394562447,0.14487915164948828,0.38454423838835194,0.19826107451485442,0.22889194532387103,0.18041183648398706,0.22567535723796184,0.2007559604494188,0.18843119306656875,0.2244916716638028,0.12411745842854394,0.2524698667551942,0.2568566852596139,0.19919530965089605,0.40208379700648955,0.2145893480563138,0.24703542392361455,0.22769361225322626,0.4422145289121189,0.2795657301872505,0.26594372975282554,0.29498151231775793,0.4186957356870723,0.11964920604027718,0.2272809321115168,0.2902055323332503,0.19400411425099184,0.2633698368562676,0.3006119562303208,0.23197546185704587,0.20522278030285057,0.22220433957492147,0.21419644160087836,0.17079724422443687,0.2888855970391925,0.24634627858468305,0.2911072919765094,0.17018828071148884
badger,0.16074228422684278,0.264754945505996,0.0941495373811233,1.1102230246251565e-16,0.19614244424063354,0.15724129014972488,0.2248695013301617,0.30598992851904994,0.26623710360574837,0.1488955266027021,0.30509956678265837,0.3046300520147217,0.230168492033216,0.3107136324417523,0.28735451853335703,0.26674526553056577,0.275304258549124,0.28687234381795856,0.17073706773758035,0.234335866150166,0.3232498741360674,0.3723873724305309,0.2487349285816589,0.28001737598945164,0.2533738256692165,0.21516352830287389,0.2722179644474665,0.33426244206845823,0.24779967557484284,0.26953843041260206,0.3026062214891265,0.2565831516184639,0.28642936186364953,0.31859406486844255,0.1402999962799626,0.25270357333602045,0.2148429276506626,0.22450167488626105,0.24640701726943304,0.28215280299394296,0.21742935093589055,0.25401443135008805,0.22658481853007995,0.31666543507165545,0.2404227393938918,0.1942814161578622,0.21016041723392953,0.27419829342626123,0.28547433820122237,0.3125266968664938,0.2720754014279291,0.22737403083189867,0.3389488416596942,0.1550403536274133,0.13269742798004414,0.2332123161818248,0.41467322403903273,0.3244828682199,0.419081418691008,0.2631654091731893,0.14847326839542174,0.3895153080555628,0.261308592083504,0.28913100341377473,0.24313795165129748,0.21367984165053489,0.18950183169747137,0.22572423830064947,0.2775578973063191,0.09374745595940437,0.30051461004431435,0.2827235757675822,0.1745252013583849,0.4268044289923517,0.20004017070668445,0.24365050333820382,0.26775380392300896,0.4560488289917367,0.30600833545606687,0.3148047895198315,0.3022510637924911,0.4640226128272079,0.1911947936887498,0.23398550305359356,0.3000037055164839,0.1828887787504737,0.30326422547243626,0.3330669991271,0.25686744976182274,0.24273730236193725,0.30607377938862645,0.22847172071968436,0.24389003708182388,0.2697298967195718,0.29423108484515303,0.29692473948613163,0.23524605496035933
bat1,0.1954335525687595,0.3243458498879146,0.17965688598264007,0.19614244424063354,0.0,0.2009544898677308,0.19671929602097482,0.24615199489797324,0.30136055647877324,0.23006192686402982,0.2353448127771659,0.22742843182243055,0.29443685924637986,0.24880044871321227,0.2402979486402541,0.22873478734185382,0.26971386909153805,0.2992630254355082,0.2062599932849427,0.23949597778197051,0.24900318864110782,0.33106090666898136,0.3066794442327433,0.24758022703199223,0.19802390997790975,0.27640178137296123,0.2710913818296701,0.2590634668959859,0.268810509138689,0.2670349372076619,0.25423767256574126,0.2574176631273223,0.2568217156133642,0.23997121566661184,0.19924243941453723,0.2804120116867208,0.28586143814646203,0.26243833854277465,0.23168102747355523,0.2190043546886642,0.25337957366205444,0.24596699754074902,0.23426732136682438,0.21422620934506442,0.20161625631228242,0.23430195657493347,0.22127064567294286,0.24398156987005637,0.2221178081997024,0.22420237370880303,0.2952895687411604,0.27352960561941086,0.31457999739290043,0.20147288928677476,0.18740365293393946,0.25490952668250355,0.3267838756129853,0.2219204633873071,0.4111908058908482,0.20303409466296107,0.21207712776206145,0.3764482489327461,0.2500770282114627,0.2657631670284155,0.25461701792174873,0.2772073569273438,0.2449719890818023,0.27401365388532406,0.31112883737286545,0.18583397724552198,0.22700269457438882,0.30464928118451473,0.24053004866672523,0.46204749758695374,0.19220063059389103,0.29737507137826613,0.2671285916252589,0.45465908649907416,0.257202297676565,0.23965377764301865,0.27319648418149556,0.44643193013783833,0.1636572253300843,0.21289908626977627,0.190913087905073,0.21698177820416564,0.21094418927244551,0.2846250064274437,0.16091430447753818,0.2766309096204057,0.2414243746998851,0.22587483082376858,0.246548874833169,0.2305977220162989,0.26877149070286077,0.25110033412937005,0.2708103747172522
beaver,0.1554711484248248,0.2982572996801942,0.14169137175525726,0.15724129014972488,0.2009544898677308,-2.220446049250313e-16,0.2649712048802957,0.2580182552950282,0.20054663735320022,0.12211843932873612,0.2770047712493785,0.30768153029135514,0.27390293392703347,0.2725360829630664,0.2624019734344183,0.21218195687722252,0.291076518491477,0.2925087433473158,0.13724261252390269,0.23996198930755275,0.2715241271515202,0.35049854170149064,0.28654530940948975,0.22964053729185008,0.2094138129245796,0.20686038977781318,0.2501125678129369,0.30066732419924236,0.1825914616481934,0.2517674763153722,0.27275046076448894,0.24630305495062244,0.2608947347147931,0.28654934944274313,0.18930821528734076,0.26382072403635504,0.2454422576003763,0.2196660455356143,0.2513217485773528,0.2544961570381963,0.2024845748678511,0.2280177828681017,0.17057213729662868,0.26164092633118585,0.18123616931932085,0.2053771139699594,0.2269601250872353,0.2788452787041531,0.2358844298181324,0.2849275981269227,0.25511744204509923,0.24372342225258337,0.3362796787041846,0.17406875591651372,0.10776165101184543,0.17473345194338685,0.39709673336569795,0.3019458402030347,0.4148602687187507,0.25118070911914403,0.0735314213692253,0.3597335811728912,0.2325139534499151,0.2585709273239929,0.2591008087219375,0.23206160636482054,0.22438675326304114,0.219463640239269,0.2640829218764693,0.14187323092969018,0.2909606520755863,0.30605440815236484,0.16426425241906706,0.45102747703834345,0.1434087918876109,0.25161407897133525,0.27617187446319047,0.4465058067588836,0.24282470486250685,0.26549753926840947,0.29331681518604014,0.41721250540358357,0.1895524678763113,0.21614351424094924,0.2776662253661428,0.15562044843451794,0.24252961621450153,0.31438587536666573,0.25038015034583294,0.2593461941679225,0.29512622123208454,0.19952153868208966,0.16818140549267813,0.28693688231924386,0.2584858502007773,0.26067493622475635,0.2885005708986924
bee,0.2738051541416019,0.34676306036175186,0.2615853717558746,0.2248695013301617,0.19671929602097482,0.2649712048802957,0.0,0.19707514503486934,0.30755838972480354,0.27260883765205757,0.165286700948847,0.16607663257854233,0.28525809254505363,0.28870866480593427,0.17100810897192442,0.2680267539288754,0.23970147830118893,0.32296240474355464,0.2344727638870292,0.2723906967674762,0.21016566771338974,0.27541286282165034,0.2592701404957528,0.23006040631404878,0.28740796169054483,0.2614257963108909,0.290813330150567,0.19713222883433168,0.2609387591141453,0.2888766734973299,0.1719126732195897,0.3140895502284977,0.23534963156096667,0.11851155936320412,0.23107517784278275,0.2798515258171088,0.3029201630895033,0.2670717681172369,0.3288446772937381,0.17011748968331397,0.2892247770114299,0.26996758419261746,0.31904290658766876,0.21853752289625705,0.25317521181115954,0.28503584351759126,0.3092668380415652,0.1527003639579375,0.2324583870434319,0.14005875456053407,0.3233109912494756,0.31136860023948176,0.22352419296113102,0.25326419957593316,0.24616750566615364,0.28440205291464293,0.2251106009528847,0.2414840189072458,0.3402541106898498,0.30990770677648327,0.24847512687464823,0.3163898000859179,0.3517961708693613,0.27797935313654876,0.2688141415794859,0.26593523887344284,0.272133853788444,0.29422767015544116,0.333896800591862,0.2678021218532327,0.22513961095597823,0.3500243690007484,0.2413027259397058,0.4314616534078264,0.2504528933220017,0.285698076313898,0.2838401385180317,0.370969113245989,0.25485574152553747,0.2342395854694146,0.3030333511114679,0.371964947872246,0.2655808941677097,0.18336746644113555,0.21666874153133875,0.23767964542327935,0.30166858515985706,0.32228551582092724,0.2208345853495025,0.31017110344308363,0.3139245966781792,0.24139713193103718,0.28755262963595507,0.07708950865139885,0.29348412093847853,0.23417974532346209,0.2804096252998254
beetle,0.25993442471935346,0.3920827695022554,0.29282597042412983,0.30598992851904994,0.24615199489797324,0.2580182552950282,0.19707514503486934,1.1102230246251565e-16,0.33507692686365587,0.2908763175648138,0.0648618667918548,0.2493287583560133,0.3505368776302673,0.30898084563148154,0.1538101032618846,0.26542177633524533,0.3502981166025637,0.35102317902314084,0.25873335319900626,0.2605547035470043,0.05792820124997855,0.3792716645772688,0.3323459739709901,0.2000394583216274,0.264143048890107,0.26613588530032517,0.34235738707983565,0.18560966805668588,0.2995782168879263,0.3565204728130923,0.07099401223102664,0.360206986895079,0.2640372068462774,0.1242041046120057,0.336260794496437,0.2670377638744327,0.31214762139195673,0.3035534043446002,0.3671102186052616,0.10585990861590122,0.33065537148672897,0.3079000373655467,0.3064305336939602,0.2688911077133963,0.22128079585213678,0.3023385924789417,0.3748700700135782,0.12037695216277466,0.13640154945464733,0.09228443938704478,0.3920061047939635,0.32329455041905086,0.24735683185109159,0.34498945768788525,0.27145198202241505,0.27447243401434473,0.26823277253408895,0.17697419455299035,0.3740747333070362,0.38885248004077755,0.3070682711193319,0.35867054144577737,0.33713677495355976,0.2625461289248626,0.35060038066981947,0.34737734872480364,0.3455094377023148,0.38463049601688915,0.3776083428590491,0.2900287491863074,0.18828768416183506,0.37980657393376893,0.25693315633125646,0.4772318889127619,0.2727836829571385,0.3132292503408789,0.3060580473098843,0.4294863669902216,0.24397782665415235,0.2488799104910362,0.3435495535077969,0.3918464636580694,0.34635911426068355,0.18344832620577278,0.14085714633240864,0.2816645755453905,0.29377919873875613,0.3115192574570529,0.18188152296259963,0.37257139205147216,0.29591489700970897,0.25526161405178727,0.3321411146552514,0.12131214440549354,0.3403145087476144,0.17761958166059444,0.3077087578388268
bison,0.19128364447921764,0.2518004931755373,0.21801763861344547,0.26623710360574837,0.30136055647877324,0.20054663735320022,0.30755838972480354,0.33507692686365587,-2.220446049250313e-16,0.16529234528286785,0.355715258986136,0.3302116487113421,0.20362716498686317,0.29331337117665035,0.3247232106972363,0.2942207531727188,0.2904256498062776,0.3281025547365868,0.2803392213792464,0.3082558039221399,0.3622254447767148,0.37716904793969397,0.17643554833195962,0.3107314755073557,0.2623437342578874,0.19523253925401096,0.32854243460761234,0.3787701764346496,0.2720688281042176,0.2120167484665587,0.35142676528697503,0.23090822897482777,0.3055559523162218,0.3616310077552952,0.2752156314442009,0.22876989206564557,0.19910619549737663,0.2606917773972992,0.24854196715448384,0.3359681821350543,0.29113762617972716,0.2693844924999357,0.19606705007625436,0.32858568271619226,0.2569230595239955,0.248177564820258,0.31628931584822617,0.3421331843139708,0.3241380767697013,0.34618787953717844,0.22529056971925077,0.21441934511003524,0.3886005791212447,0.2785008430614032,0.23837601450314017,0.09007311294472065,0.4313938993414662,0.3948242110254613,0.4386211789877644,0.29466366594428517,0.22771029420923417,0.401813985891306,0.24463611886524683,0.2919245571760022,0.29183062793907255,0.19877188267023838,0.24199367631022828,0.23818005169458145,0.29427107435042876,0.2905798459507073,0.3510124169381218,0.3419638716641338,0.260586637223594,0.39843861013762194,0.3115697669837433,0.19679645429413717,0.24342639217412776,0.4693376145398571,0.31979203548307034,0.35156686719453445,0.3167761937263951,0.45688776257152874,0.2828106002489762,0.31732790596872695,0.3568635262048422,0.2727661941780034,0.3256539180591729,0.3425856629813071,0.3252550963444475,0.2737605115059246,0.34081173268611764,0.25609979781541814,0.21941962666082382,0.3403228322830504,0.27379437249401295,0.33577561194538286,0.23924027591847286
boar,0.09387303201636232,0.2628160634333553,0.15987490048371755,0.1488955266027021,0.23006192686402982,0.12211843932873612,0.27260883765205757,0.2908763175648138,0.16529234528286785,-2.220446049250313e-16,0.29244335747156014,0.3071651613599613,0.21109965346141424,0.29843601431068045,0.29260174691353624,0.2518443963156335,0.27325257882733756,0.29065501345201483,0.19225333632040598,0.27776561844343883,0.3177919388546925,0.36331778946372195,0.21571130648226633,0.27449654363158515,0.23934034025128692,0.18665950441509072,0.2796765907729639,0.3344946099658018,0.2470279662219581,0.26885591484929217,0.30155735510544235,0.2254733840062575,0.2755652817399866,0.3129951160065523,0.18578526022933362,0.258885780586149,0.1842286880350712,0.2507455859995077,0.2446421072113183,0.2786776509013792,0.20298186355934567,0.26688999956797643,0.13838737665598255,0.31051605670405535,0.20295173818711287,0.21444653389124546,0.26479081773172297,0.29862082027258574,0.2903191910749432,0.3015982043776724,0.2372163920774112,0.22271835170354815,0.34433672489674205,0.21697342502473405,0.1543726298055248,0.15558278570872175,0.41282096355234554,0.33445892704990854,0.42321706345293386,0.26513496030484973,0.18063566678316723,0.38355366230348953,0.2380643487233015,0.2658914487548718,0.280836945501847,0.10428810972683011,0.11257940561639346,0.23188506474583115,0.27834996165455395,0.1812952927398861,0.31319299232869147,0.29483300241018884,0.1816820500099271,0.4113528117060721,0.19567840178593943,0.20663180455212948,0.2367923872178187,0.43886964623285385,0.2901744248022544,0.315443511679683,0.29395007125555617,0.43121095839916235,0.24284457382687752,0.26658699518180984,0.3232364884083557,0.194648262180937,0.2867430729026381,0.3125097797280416,0.2827343632492989,0.2564761934654505,0.329692541097383,0.2292565524426985,0.23794789194678756,0.30430414748254175,0.2851406891901751,0.28659113328816255,0.24847164682298695
bug,0.2682615398364804,0.38310254339005156,0.3088393662314993,0.30509956678265837,0.2353448127771659,0.2770047712493785,0.165286700948847,0.0648618667918548,0.355715258986136,0.29244335747156014,1.1102230246251565e-16,0.18929016544117283,0.31792618117912186,0.2797573151445536,0.11107588303195615,0.24988869520963186,0.3177313802332822,0.3473768524219589,0.2481644396628978,0.2752700010158369,0.08828250633163226,0.3474616885115507,0.30832993629445093,0.2187401140896622,0.28320439158095845,0.25943011251552206,0.3496111136690421,0.1494532123417427,0.2894546898431306,0.33327916348888786,0.07272945039491552,0.3618640556174261,0.24816455867563636,0.09969434999484439,0.3107157106969394,0.2655505232119263,0.3077968560898684,0.29909985714864884,0.3773439805225949,0.06599919990685033,0.3337898829510477,0.298544718089339,0.31976112935635104,0.23911973186223145,0.22765919328251805,0.2845469296757591,0.34847542351229854,0.09375777774832439,0.1701245924063881,0.073836377404914,0.3776075635185855,0.31677675861039367,0.25311689504976786,0.327413422105326,0.27581472375238614,0.28638670287718193,0.20835711734285223,0.1484734473327547,0.4022521194606892,0.3588805259162515,0.3134210162798856,0.3834669298904383,0.3487351260698105,0.2695989105629246,0.3375873478085408,0.33528634578700167,0.3377453201575068,0.3740479097590308,0.3803189303459734,0.29290498710930646,0.14480597248263516,0.38737655218608413,0.24312740022097823,0.4681883351152024,0.26707380199934294,0.31524440028771983,0.30779346246832096,0.4420325171737588,0.24455129867169778,0.23718550888988144,0.33595603337399005,0.41398997862137754,0.33752423731910475,0.1885749930177456,0.14674401582998764,0.2736731642418426,0.30120036567863495,0.3129235040917683,0.21840596086291586,0.3537894086837149,0.2858635361187243,0.26466293998572743,0.3535698534998437,0.10952502416763987,0.3556276153163459,0.1887726071097947,0.3106861551387503
butterfly,0.3075706796110532,0.3584812323508373,0.31212403206391803,0.3046300520147217,0.22742843182243055,0.30768153029135514,0.16607663257854233,0.2493287583560133,0.3302116487113421,0.3071651613599613,0.18929016544117283,-2.220446049250313e-16,0.2966922273993515,0.23188334138555733,0.15728833943466503,0.27721949748433283,0.25752626767825215,0.34188575383838793,0.2720381517424403,0.2596289107020897,0.2853010507749941,0.259866779412509,0.2674458181599154,0.28718557863522653,0.26060984306585855,0.2625435071512999,0.27782516868399654,0.14220947952112095,0.2548152626291551,0.24969308580005478,0.23300059225034975,0.29454012349398695,0.20078649095667733,0.2220206656184962,0.26755562149012213,0.2815855215489088,0.32971837863215114,0.2610961916357676,0.3269392115880587,0.18077874903398417,0.3299083271359342,0.23592519408364576,0.3022957485102583,0.18549522254764972,0.2294607692214724,0.2968888693050675,0.2991037403667227,0.15852177129080458,0.24097724570276546,0.17755509194118302,0.2766991841180859,0.3221822273108693,0.30656352188640124,0.30796217226419087,0.302480883056903,0.29357409704764714,0.32260348024378327,0.1949606454081343,0.3706277198829291,0.2810056833882959,0.2985406777719668,0.3618259085506904,0.2885770029372462,0.1930661200172965,0.2677424694215941,0.3039331670333618,0.30358365302001233,0.3115448799114068,0.3458528291651881,0.3329855602514261,0.2182491526435898,0.3683329782775576,0.26165908781647174,0.39564746895021363,0.32717993025672354,0.30391087689275054,0.2591925558751035,0.3894791922112737,0.24636779769193629,0.2287931167320052,0.29868899971669005,0.39080021433200096,0.2905416318067402,0.1988417684848358,0.2361653404152968,0.27603968452768035,0.2600038860421179,0.3127457923394972,0.2810714689601723,0.23146593172458463,0.22298970763989434,0.22416977904051394,0.3194850350820986,0.19055203827630351,0.27126103121160916,0.2558887871554426,0.24736424061321283
calf1,0.17164044515317944,0.17078737488244056,0.23092680348763173,0.230168492033216,0.29443685924637986,0.27390293392703347,0.28525809254505363,0.3505368776302673,0.20362716498686317,0.21109965346141424,0.31792618117912186,0.2966922273993515,-2.220446049250313e-16,0.34413685797180216,0.32962585188687077,0.2982243964752763,0.17724657510018604,0.26457379218557464,0.27286840389223355,0.29855491617767027,0.35402425627124956,0.3646376657661198,0.05569890424572266,0.3114226918945622,0.32077016226639166,0.1988968543578855,0.2915246538173776,0.3549739387580323,0.2658568380850911,0.29563365300684985,0.33124974614447655,0.22294644275405207,0.300419226487982,0.354593169874193,0.2730187069535617,0.2397183580482306,0.1269032694873905,0.27371624182484167,0.2753688234500056,0.30903484839664397,0.23855611985276903,0.31077160465669307,0.22049015713646558,0.33419375961889963,0.28699847226660524,0.21952544941277252,0.28136909057268455,0.29798875001323166,0.3150051207082646,0.3212334392508259,0.27262721903572273,0.19699489171278584,0.3349058826323683,0.2930057252446677,0.2762059818542624,0.20026718374596564,0.3942146536535407,0.3622488978696896,0.416030492005695,0.2644400622565226,0.27228972206913427,0.401320875034605,0.2999010201497303,0.3058905961836429,0.2925780913527479,0.13908049572403847,0.13711741090633023,0.2835764237148264,0.22785538141509398,0.27426003188462333,0.3226536643456377,0.2891939720750124,0.2263708976554707,0.3601961152500167,0.27769095510036357,0.24650165659635448,0.19550974689278555,0.42142237627740387,0.3616653244237923,0.32874817555032354,0.32847531474442937,0.4356503612976673,0.28025973450604014,0.2855575731946971,0.33193335984161965,0.27334075181311634,0.30972303335088214,0.335799129430998,0.324695336840385,0.2812083724538901,0.32754021035560554,0.2740226592944429,0.2899990735953244,0.32515977256244744,0.2991289558838748,0.3113664423745457,0.2269566458353962
cardinal,0.30321847203592533,0.35508845548714996,0.3131981087110519,0.3107136324417523,0.24880044871321227,0.2725360829630664,0.28870866480593427,0.30898084563148154,0.29331337117665035,0.29843601431068045,0.2797573151445536,0.23188334138555733,0.34413685797180216,-2.220446049250313e-16,0.2882184928751479,0.34090444631232153,0.27219743501469873,0.33875755404403973,0.22980011016681245,0.3103828255973451,0.3361073323153154,0.38550818943763365,0.3341144301285516,0.3172001929875441,0.17923147576233678,0.25254038780382326,0.32556404702439345,0.26829508040207795,0.24888950960848633,0.23331395636456942,0.30347150146173063,0.3534537420322601,0.2830349290893681,0.30092082746909554,0.24935530426249197,0.2607374818036091,0.3152924237207795,0.25871038037908745,0.32064635627510063,0.26827610041752514,0.34026530499314467,0.19848177535297196,0.3331794978390221,0.1702548689713712,0.2706729275684767,0.29568726596462436,0.3371163769364791,0.2329458334412654,0.3250753133741159,0.2777009284059273,0.30799915190781235,0.30107763665619336,0.3859238824635224,0.27647323802847823,0.25227881012921693,0.27567490288359064,0.4304614480381056,0.33515105244701315,0.4190063542266723,0.29991023508878667,0.2843979634335392,0.40466771908753274,0.3043709836761168,0.21065363123472103,0.2810055601069402,0.3389712623785226,0.33987686892870406,0.33674052162992996,0.3511894534483173,0.3010344843574746,0.2775864853009249,0.37651542193357457,0.28285988438901255,0.44582959453014015,0.33264125492061636,0.3001635508090441,0.23697322310657487,0.46430024669897463,0.34323941539399594,0.3436932971888381,0.36036034952002605,0.45180405821600655,0.29855386295372044,0.2847848948641538,0.3025496456004769,0.23269616798201154,0.35174225383000535,0.3431893732101593,0.3304554272578346,0.30891972843649107,0.20707076465170715,0.2887416762411984,0.3272567661602931,0.2947090639189225,0.3426977938248572,0.3303289524285412,0.3130491365505186
caterpillar,0.2986699901588893,0.3478236002151607,0.2979821331275547,0.28735451853335703,0.2402979486402541,0.2624019734344183,0.17100810897192442,0.1538101032618846,0.3247232106972363,0.29260174691353624,0.11107588303195615,0.15728833943466503,0.32962585188687077,0.2882184928751479,1.1102230246251565e-16,0.2528604215504636,0.3097227321616258,0.3708812999183072,0.25078225347096095,0.2404047930915556,0.17611594184587054,0.3371369209271152,0.3080990236878153,0.2707827909983592,0.29085637396796793,0.2791272958867207,0.3528350547864113,0.1563214882398627,0.3119878702214959,0.3223801986376399,0.11858942031911679,0.3565368054841087,0.2508608871370005,0.1670820770221666,0.31268428241314306,0.3070422338991108,0.34241834204999533,0.299071516137267,0.37899842601141076,0.11948726602968718,0.33048732589382546,0.2943768488856475,0.32649974587854835,0.2588568039854766,0.21818288219037563,0.31226917413856625,0.33046828450863264,0.1378128842083831,0.1313168644682532,0.14193059909157058,0.35349189277403836,0.31870638288837383,0.21879465161080014,0.3207142803751363,0.2646706658512077,0.3175026739097109,0.2826616407892616,0.14437426735661762,0.42672796015059367,0.3674308482065217,0.30669689035461856,0.38431349687039895,0.3405195541907807,0.2738530804459415,0.34423409740637567,0.33201603000625735,0.331245925163677,0.3697320190272012,0.3604738267262044,0.2856960414846468,0.2009571611292721,0.3999176490199189,0.26298495546065925,0.4838551435592664,0.29242281579414475,0.34451373157268617,0.3057495887032099,0.4447399794587539,0.21463183687661713,0.20055651051942947,0.3404555797779808,0.4114420956144975,0.3226330130364842,0.1865157337180139,0.18744467466520376,0.24920652723996362,0.3052983156671144,0.3402189655643497,0.22292522787787306,0.33180528418001975,0.31086111576648956,0.27279265344306636,0.32927827118534014,0.13905374710800922,0.3370542013075484,0.13980005467965262,0.2887888925588238
catfish,0.21449163574911678,0.3646229685568505,0.24750476487407103,0.26674526553056577,0.22873478734185382,0.21218195687722252,0.2680267539288754,0.26542177633524533,0.2942207531727188,0.2518443963156335,0.24988869520963186,0.27721949748433283,0.2982243964752763,0.34090444631232153,0.2528604215504636,1.1102230246251565e-16,0.3095227552281249,0.34029220416977024,0.2677715625942655,0.21976727998952927,0.22665840350572364,0.24537156992888076,0.2854844691567211,0.16117986025940012,0.2770947998169123,0.24608341038297088,0.21392967972793553,0.26960367530043616,0.24235389099395366,0.2876680552093406,0.22332048965435303,0.29161170433787187,0.1103992944788923,0.25509388918046516,0.29459118596482736,0.2663477106393597,0.28805216950583923,0.25561348273696016,0.2940631392390419,0.21834427551037283,0.3104815611562187,0.29510281545838524,0.2103568421526033,0.30255048007110297,0.17157370890285173,0.2728544066710057,0.3270422267182117,0.29290907373440256,0.1729651045441709,0.23762863702102244,0.30164509199507683,0.3106087791811669,0.25943713981510097,0.2964752471161859,0.23691544084964355,0.23187242974888422,0.2800973687561794,0.2633876607781791,0.33132143452562923,0.31508525995298753,0.19734222019134784,0.3055230976605444,0.27044405586717324,0.2877118596107836,0.2847756573468836,0.25266950839873525,0.28353689473603605,0.2833246783729888,0.3451870782014502,0.24665281895982405,0.23737202047215744,0.35838399511774754,0.2798209300627216,0.42295913659481543,0.23221077550843283,0.2865562711616102,0.28923548097858365,0.38121656581225627,0.20291910077640962,0.1741366347653418,0.15736933289162836,0.3450470047671623,0.2938002563743536,0.23081088020557738,0.26071589388608174,0.27664084458464233,0.14140377299087004,0.1471502357401312,0.28089912015838436,0.2898628418757673,0.290349447997461,0.19037073837215834,0.20030001243452678,0.2653421256862477,0.21615998606313214,0.20074823015843402,0.2886612611802002
chick,0.22198551920547627,0.23533406152526448,0.2768908604449317,0.275304258549124,0.26971386909153805,0.291076518491477,0.23970147830118893,0.3502981166025637,0.2904256498062776,0.27325257882733756,0.3177313802332822,0.25752626767825215,0.17724657510018604,0.27219743501469873,0.3097227321616258,0.3095227552281249,-4.440892098500626e-16,0.26759076437271334,0.23673266081742672,0.27744628127575355,0.35714745654042257,0.3458989104344352,0.21204379222334324,0.28446449554711184,0.24875284571903689,0.2871757991090367,0.3176782809495302,0.3360485137924375,0.22724242116070137,0.22787703152082628,0.3455919429370291,0.2941973470145298,0.2632787094091116,0.3409100114057455,0.2650722949536982,0.30264427119167026,0.21966180070967478,0.24400291391567086,0.3027658060823982,0.2992049018919152,0.19580649603331068,0.25391511082463847,0.2806847008615392,0.26756414524616645,0.26168558567476885,0.2617158548891366,0.2812550521429369,0.27828005665791633,0.3016721324755307,0.29730939390927325,0.31782160176363394,0.24845884220162495,0.2902181727869846,0.24532138913518997,0.26779513746046946,0.31686389464982756,0.3692639449047146,0.36407232626746566,0.36656862421666614,0.301505933019492,0.26001410134710823,0.3559900552165255,0.3448688636147973,0.23128233369975693,0.24399249305266357,0.19542848165976945,0.16052412260232352,0.293664157158378,0.25165562986510737,0.2685558520686576,0.3016575266212771,0.28711148153522337,0.20761027265302645,0.42918727932245226,0.24383375481627667,0.32304812524234383,0.1306665433211378,0.3491899975389755,0.32884828217224993,0.2855330104098388,0.3667944850735082,0.36085327545253176,0.2707744134360257,0.22598538235937438,0.3255481301842431,0.24225034508904086,0.34228351177928296,0.3815465700552373,0.29914630471841286,0.31961949436097736,0.28650203405191943,0.2424489423436511,0.31869856496221005,0.30903265205662334,0.333436740627883,0.3068545469248469,0.2999736848316288
chihuahua,0.23070980487612236,0.27671220937800156,0.2681438589793643,0.28687234381795856,0.2992630254355082,0.2925087433473158,0.32296240474355464,0.35102317902314084,0.3281025547365868,0.29065501345201483,0.3473768524219589,0.34188575383838793,0.26457379218557464,0.33875755404403973,0.3708812999183072,0.34029220416977024,0.26759076437271334,1.1102230246251565e-16,0.2349658773158423,0.3225164063061111,0.3380621486481842,0.44469542950982277,0.2983234432133721,0.3388516815998316,0.33513848067736707,0.26009113956472696,0.3409836882683661,0.37091347060206115,0.3040301913112303,0.30699990754294826,0.34705413993276435,0.3119932179617262,0.3144849886614234,0.37564963675414176,0.26046010841487965,0.307321783417576,0.2501623480834222,0.3120512145983464,0.3058010550011526,0.2893344030818751,0.18179502312637996,0.33106082357648325,0.28014436478628746,0.3220214966253585,0.2689698593871731,0.2666690175266433,0.2994934050244523,0.3332049727552382,0.3435690159246598,0.3220912051389919,0.3129614489133039,0.25701711336923216,0.3681257592224423,0.24373338094788233,0.23061907269670556,0.314522977700859,0.4435952331235563,0.39003313450913946,0.42588351935097735,0.3427747800270312,0.2768934081698613,0.4099012869620825,0.31413756141848637,0.3079521895734316,0.32245988130937153,0.26818499761455783,0.23100290487335018,0.3341135549423482,0.1148369286556441,0.2462158028940593,0.28850295213870136,0.10838522566046005,0.22181934373564316,0.37241153667991744,0.27496547655570314,0.3409511834191279,0.27201043565595695,0.40468412842362134,0.37806229641947176,0.3302195229900672,0.3588409880394585,0.40027774694876783,0.28624684079287344,0.2833199439116083,0.3613455905915006,0.23209572227637143,0.3599968589183705,0.3758952816747594,0.3484750225223824,0.3210249238165881,0.33415760793209226,0.2726198721289379,0.34066677579798577,0.3520714648569414,0.38747281483800766,0.37189176504330057,0.32727440944619735
chipmunk,0.1873679121788452,0.2802392633684042,0.18687196236333448,0.17073706773758035,0.2062599932849427,0.13724261252390269,0.2344727638870292,0.25873335319900626,0.2803392213792464,0.19225333632040598,0.2481644396628978,0.2720381517424403,0.27286840389223355,0.22980011016681245,0.25078225347096095,0.2677715625942655,0.23673266081742672,0.2349658773158423,4.440892098500626e-16,0.22925042313050992,0.2650386624719572,0.37932303499050757,0.2984295922117475,0.2402553116130396,0.2576165504748067,0.19697359139355597,0.2738890518718796,0.27415487336663735,0.2150558898969609,0.2654044362961687,0.24621730779727002,0.2866060009839415,0.25648669781258093,0.278489169231267,0.18111612990844506,0.2378690991490604,0.22379975816572706,0.2601744416721439,0.26573156303570833,0.20746641587756653,0.16963889119928033,0.22973345572056347,0.2527375455451507,0.21853596819611032,0.20424050954073336,0.19983975284880118,0.22947251082088538,0.24291376578084778,0.2402433974226872,0.25644328968571195,0.28877036224284003,0.23208677070455275,0.29731902879485794,0.14067940031319448,0.11220016229059171,0.24183245884394988,0.38633506549620955,0.2910486420224794,0.4060731603796063,0.26807962104923266,0.15646871963878461,0.3544142416753505,0.2806369444997212,0.2533821402618812,0.25760550468344556,0.26014430823263146,0.21179418286468876,0.276501553418947,0.26375540042205026,0.14939016467874466,0.23001578819013424,0.25734239929873726,0.12413598901002354,0.4417922119570634,0.14859914466375945,0.26665652660561,0.26185386694922563,0.40062494262322024,0.2909682671703372,0.26766395616651384,0.3257275256957871,0.3927255588790318,0.21324672543291145,0.17274468780744368,0.2597222245896298,0.03821983700974607,0.30381804272914625,0.33144867543747714,0.2471200454286534,0.265292936003784,0.2943076721175577,0.2190699584263912,0.2627155843534774,0.25046343396414616,0.32319240873115773,0.26033572760208423,0.2750203890818307
cobra,0.21515448097964307,0.2808388562104922,0.21025087876639104,0.234335866150166,0.23949597778197051,0.23996198930755275,0.2723906967674762,0.2605547035470043,0.3082558039221399,0.27776561844343883,0.2752700010158369,0.2596289107020897,0.29855491617767027,0.3103828255973451,0.2404047930915556,0.21976727998952927,0.27744628127575355,0.3225164063061111,0.22925042313050992,-2.220446049250313e-16,0.2648026832689564,0.3337164968417172,0.28572165610133105,0.2296069711910701,0.22958979736989749,0.23290146250945387,0.2669504899762345,0.23543588099552748,0.24852561433040188,0.23517281017262748,0.24154279324550132,0.2551599171486656,0.22636378906343613,0.28051903585322724,0.2559305001152057,0.20288231560517522,0.24220271400692228,0.23622880484468756,0.24365192545785896,0.2108842612033729,0.28254633648564487,0.1919597322403187,0.24008945856551978,0.2758289802997418,0.12962042143761965,0.21226675072691026,0.2674661119192273,0.2654572253547566,0.17309418681880895,0.2599302122053627,0.23995722838380762,0.22899655620497772,0.2632652813910824,0.20282101249065865,0.16649468953819502,0.2678850904990142,0.32858058618484765,0.28934933100286153,0.4079615840374806,0.2752837226653869,0.21614341401479886,0.3808412999466888,0.2257124872680184,0.21511014554540098,0.26665087839783963,0.2786541024255126,0.27507389338612853,0.301008117333164,0.2824681957009467,0.2160362158837552,0.2110463859119528,0.35158041842991083,0.24114470734434879,0.3918527374891718,0.23202080858884333,0.2989370622716716,0.23605973245206247,0.4373405984329114,0.2822095789358481,0.1912049625612896,0.2673552184553294,0.3779070634681172,0.24144376205916218,0.19361957949771347,0.22212956227425096,0.22953947521785545,0.25347659583446047,0.2711666815242084,0.22050605412182123,0.23557131356094496,0.23966280795647887,0.19425708998873703,0.25107000077432307,0.22788091671208588,0.25560791082114975,0.1812931995235768,0.2049198584588634
