,aardvark,alpaca,anteater,badger,bat1,beaver,bee,beetle,bison,boar,bug,butterfly,calf1,cardinal,caterpillar,catfish,chick,chihuahua,chipmunk,cobra,cockroach,coral,cow,crab,crow,deer,dolphin,dragonfly,duck,eagle,earwig,elephant,fish,fly,fox,gazelle,goat,goose,gorilla,grasshopper,guinea_pig,hawk,hippopotamus,hummingbird,iguana,kangaroo,koala,ladybug,leech,lightning_bug,lion,llama,maggot,meerkat,mongoose,moose,mosquito,moth,mussel,orangutan,otter,oyster,panther,peacock,penguin,pig,piglet,polar_bear,poodle,possum,praying_mantis,pug,rabbit,racehorse,rat,reindeer,rooster,scallop,sea_urchin,seahorse,shark,shrimp,sloth,snail,spider,squirrel,stingray,swordfish,tarantula,tiger,toucan,turtle,walrus,wasp,whale,worm,zebra
aardvark,0.0,0.6011999179491521,0.4308434820279204,0.526285638599175,0.5744471673921516,0.5052621956496844,0.6841806806940058,0.656783931850016,0.5756277502147816,0.39963084313238934,0.6676249130169862,0.7251717818271451,0.5389438044289356,0.727592566256233,0.7131963187476295,0.5990264444501091,0.6211507640805857,0.6251602234275248,0.5633995916692927,0.6131391187192221,0.6648380087432539,0.7627098188454946,0.5816748906367595,0.6242384040744419,0.6446460050593621,0.5589638568652403,0.6406106190575629,0.7630231298080129,0.6425265091565963,0.6918276463965911,0.6568136657512949,0.5260633362974677,0.6345587104482903,0.7218853177051715,0.5929936840339574,0.5368094342773199,0.4777896674776634,0.6438704889927687,0.5734976769234754,0.6314379223339891,0.5530529443754697,0.6849754312517419,0.3833869367840541,0.6984593158546226,0.5201612519370569,0.45560615398486226,0.588400739669999,0.6964628429599979,0.6364780775865156,0.661087170971249,0.6188609894544688,0.5189990662661402,0.7025829271015195,0.5537236091192218,0.446902312324523,0.5035711062058104,0.7930785701396453,0.734598015909169,0.8500681944912967,0.6116769810134325,0.5580478947421561,0.8136799103436182,0.6204131384474618,0.6262623146221817,0.6468678029352763,0.4563447506952454,0.4045238551441439,0.6234800134230322,0.6235114191214745,0.49721046522756407,0.629587705223233,0.6542592166196256,0.5020860977462841,0.7985127180707225,0.5147004118018881,0.6085348550964094,0.5835106033636266,0.8307803080928231,0.6900789627257751,0.6762685710481207,0.6891572765652516,0.811533091944093,0.5695446883965488,0.6056575280979922,0.7012138954743974,0.5993157817011199,0.6304252455246515,0.6908467735936098,0.6470593988999381,0.6434222818414308,0.6505002916160851,0.5860027412738797,0.5626744486908596,0.7035422797239799,0.6856897219206164,0.6424322628559671,0.5633153386989177
alpaca,0.6011999179491521,0.0,0.596600184170858,0.675801058299846,0.7406700928749684,0.6999905179868501,0.7705663094315105,0.8072810181509233,0.6608204320126387,0.6691579203166536,0.7984840770187792,0.7835213674224513,0.5380556674327915,0.7878820269176141,0.7702820591756886,0.7816755039464354,0.6400047696116712,0.6852313427192575,0.6895986157276782,0.7008367829406726,0.8343051943278964,0.8429794311714427,0.5631776969495664,0.7651571621270615,0.7373215707705036,0.6427095012697271,0.7343103376152416,0.8299397805011203,0.714846327394464,0.719641549514085,0.8107767458185037,0.6728899575293438,0.7468838274469195,0.8603947553822939,0.6672672882877149,0.6439216400777454,0.47789147600564186,0.6770472218288649,0.6341618571714208,0.7570113843923091,0.6549764152157248,0.7225628867682101,0.6496528440476844,0.7678818559386416,0.6702906344193863,0.5634986831039315,0.6479096036957029,0.7694845783069354,0.7473016202447411,0.8102087512063572,0.6888513825509377,0.3204045474324054,0.7275960219084571,0.6005151906007622,0.6343038495669823,0.6711780151022512,0.9176726205031266,0.8072827601577566,0.8831069575541327,0.6968570255359884,0.6714169984234628,0.8383385825417677,0.7120993739575611,0.6888097978126885,0.6550777045289091,0.6348765988110222,0.6063903576171494,0.6931016698962535,0.5329354281148952,0.7065309605337003,0.7360891973008429,0.6590128055230023,0.624757039166069,0.765426337800997,0.7480996076751995,0.673716448248254,0.60723600440882,0.853395163025901,0.7897938373224827,0.7499227258072689,0.8121464153632513,0.8384842156077971,0.649614848454847,0.7148823245171416,0.776026125836351,0.6803484856082601,0.7831799051154289,0.8139241002854445,0.7302640519106651,0.7235615859509673,0.7512107517201134,0.7216281397216456,0.6773557390372298,0.8098532271699505,0.7552277269864834,0.7517949334091413,0.6057542614348778
anteater,0.4308434820279204,0.596600184170858,0.0,0.40542665599122196,0.5548251325845744,0.48674684045727784,0.6733896215390638,0.702441490570255,0.6184901614280388,0.5251794620987364,0.7217863224467589,0.7356099435919528,0.6296503614164946,0.7442758247050691,0.7174000910556828,0.6483327652588935,0.6981637023880556,0.6788153212102598,0.5667175636400382,0.6099139826626389,0.7339559560797669,0.7794633732919882,0.6424331600098598,0.6618758633162433,0.6232357717034477,0.6234612666697243,0.6365977277367879,0.7658722884825125,0.6490563715851396,0.6468368339700687,0.708382259066368,0.5385868186968414,0.6583252167147972,0.7507358169517453,0.5535136779293814,0.5952306858386921,0.5265293995951806,0.598473241412308,0.5142267532898835,0.6784104871972072,0.6179364889952785,0.6589653814271703,0.49660864196246374,0.7152301778346558,0.5479912535186033,0.47106498754458564,0.5112693662711533,0.7201010154970889,0.6538248487276741,0.711422506992045,0.6306868487665009,0.5083400759072982,0.7366824659412852,0.476859493646335,0.4349581501623316,0.5529416800335651,0.8605735113490365,0.750937106225292,0.8645138832872036,0.587010644620613,0.49956112503984085,0.8140345738178213,0.586271964204381,0.6281899314152501,0.5604948578497361,0.62960822018882,0.5813750808280183,0.5770143575120643,0.6110424279911643,0.46951256876523645,0.6630468390684129,0.6567091081713861,0.5903238910084911,0.8200605859251009,0.6083473428998064,0.6542204932373832,0.6353235756090678,0.8640042422194328,0.6905646514214326,0.6797956731937251,0.7191695817578583,0.8447236898974317,0.4567777613275249,0.6277296199466497,0.7115520777072015,0.583719979503693,0.671992786015296,0.7197295985386342,0.6377392359685843,0.6031864050571496,0.6263824352420789,0.6063282593442662,0.5442555466732187,0.7032587069062146,0.6590265517425768,0.7017339210085486,0.549897825525275
badger,0.526285638599175,0.675801058299846,0.40542665599122196,0.0,0.5814634755187216,0.5144444299692735,0.6261215722219836,0.720260270065395,0.6853107524289104,0.5083295840523832,0.7196286743041728,0.7287819889703191,0.6304791171775612,0.7432869749676327,0.7065126458057155,0.6750963668225513,0.6980283496055769,0.7041668508359304,0.5433351175265446,0.6455537994702172,0.752416883761278,0.8092284603252561,0.6560600134051829,0.6881104750120577,0.66485907970808,0.6120489949207226,0.6907218406282766,0.7685735441798359,0.651141244340903,0.6911697976101412,0.7197290871291758,0.6697548551496363,0.6913879846704779,0.7444314469614249,0.4992592271660344,0.6675495646386838,0.6043760615536995,0.6261449168831245,0.6596503212302329,0.6930690706545705,0.6145723532322968,0.6618636552737395,0.6265592724946933,0.7381509039173281,0.6376949757234719,0.5839712184953938,0.6138810612121683,0.6914609141541198,0.6891643811883854,0.7234237680546716,0.6933864720217441,0.6202184292161471,0.756452128949722,0.5218531558884898,0.4769176335232032,0.6334024970820876,0.8615421118135153,0.741614642688942,0.8624830417112473,0.6786646841489018,0.50723252769507,0.821626707724198,0.6749739893385858,0.7080601682022825,0.6524894931006603,0.6142925192528449,0.5667683526261637,0.6331504556850208,0.6813472496599746,0.4090830160993485,0.7254063786501805,0.6910909785226944,0.5540663719798307,0.8474381342537419,0.5890819005256601,0.6515724371597083,0.6907029187325311,0.8800228227312502,0.7246222942690911,0.7416892788752645,0.7299612347555295,0.8918535224845333,0.5790040520458509,0.6387303060760398,0.7254693236028162,0.5682655561559243,0.7231963775405686,0.7597634157387204,0.6729000967592539,0.6576558970607113,0.7370503945600627,0.6280600306368297,0.6522119920588495,0.6815683675025298,0.7221351807878843,0.7108806230371956,0.6480472944244426
bat1,0.5744471673921516,0.7406700928749684,0.5548251325845744,0.5814634755187216,0.0,0.574460661370109,0.5801382760710111,0.6393680797595563,0.7225210771721011,0.6257567738459275,0.6255634675391264,0.6237998802605562,0.7061029142209864,0.6593883746940866,0.6399294231080513,0.6188020521756944,0.6847728064939747,0.7122347378973646,0.5913093533786302,0.6469962167133467,0.6542897472794953,0.7560082274277592,0.7214168272609998,0.6402498191658245,0.5822891895642215,0.687130354131197,0.6829384772063634,0.6706018396702647,0.6712895896284871,0.6818839301600232,0.6531033628130752,0.6646081856104903,0.6475539342005227,0.6399664402747132,0.5898653529218489,0.6968514470355467,0.6897084885964663,0.6706597332925244,0.6339676536302529,0.6043673411935022,0.6570970462925251,0.6448978669818328,0.630939233443521,0.6011642909429356,0.5777662690741342,0.6354609927406462,0.6247050298944807,0.6461307738325341,0.6013678542246095,0.6063391229475332,0.7158739522993158,0.6728747127807747,0.7212050722302283,0.5895232062754697,0.560684699190852,0.6556141732362204,0.7582265987312433,0.607066779079138,0.8466177160108304,0.5906326930553463,0.6003017854212346,0.7999920567564387,0.6541076147979985,0.6723353558255192,0.6615499368609686,0.693394038957333,0.6372689870188145,0.6914583835246243,0.7133718175665957,0.5710454283859616,0.6246702908090135,0.7097932459925145,0.6445749433902096,0.8726512498802134,0.5718707273254396,0.7130372453120551,0.683933308547031,0.8698858683691059,0.6577333580995046,0.6411194500630581,0.6877338951338466,0.8662157867910744,0.530862365301724,0.6035622387037125,0.5734889390850371,0.6135016117634352,0.5972663096103861,0.6956085952363357,0.5279682219622658,0.6959630856268788,0.6489224843378626,0.6183534328049449,0.6496079215846887,0.6239821907074226,0.6840989759078778,0.6470586577375267,0.6893089315531665
beaver,0.5052621956496844,0.6999905179868501,0.48674684045727784,0.5144444299692735,0.574460661370109,0.0,0.6640302315910322,0.6444817826611552,0.5822845417121109,0.4502345399270057,0.6682243080536703,0.7154223919168196,0.6712853988068309,0.6813164171748213,0.6594049952218868,0.5871355701341285,0.7020370564653544,0.6940632340650896,0.47596005189676976,0.6396466573974873,0.6740021161259879,0.767196309882953,0.6873992519350599,0.6069740914569408,0.5908627417809236,0.5865076855795291,0.6472741409009491,0.7128314399941625,0.5451530910147994,0.6537589238117185,0.6664272447017172,0.6413829599063846,0.6418606818376624,0.689551187964569,0.5683290448036318,0.6671208447261017,0.629329653843242,0.6054569021191631,0.6517698740604148,0.6415979348198216,0.5794811759262644,0.6120927989896414,0.5311565947459572,0.6547426745529832,0.5391690657312722,0.5873913211085899,0.625290790801961,0.6812196643966005,0.609170877269189,0.6723071473664257,0.656904290838462,0.6252388733131872,0.7340054800232868,0.5413022582814857,0.41917214653062557,0.5351349937575263,0.8245906615785081,0.6971227008290278,0.8387907873778739,0.6481041618120316,0.34962274868121374,0.7707813479314014,0.6222180278069427,0.653889291432489,0.6583907061520908,0.6264648069203009,0.6004195673801913,0.6114378192122514,0.6465715958430965,0.49421967228748614,0.6975347288367336,0.700304700096644,0.5264343815426895,0.84870945330609,0.4876001288909737,0.6469346217208912,0.6866231567056669,0.8488714577517324,0.6297458908058275,0.6656230105157304,0.7031140765119375,0.8248910473885963,0.5640689891678022,0.600022497550354,0.6822296492580997,0.513794320988985,0.6312808817756487,0.7206471414920864,0.6498567179781333,0.6655361641693794,0.7080519081993151,0.5730390947113881,0.5297123788729761,0.68594299534381,0.6623695164105947,0.6492622514416919,0.7024320547404818
bee,0.6841806806940058,0.7705663094315105,0.6733896215390638,0.6261215722219836,0.5801382760710111,0.6640302315910322,0.0,0.5760430861608054,0.7340884541752487,0.6852879648869687,0.5279429598303336,0.536216869563651,0.6992967982722955,0.7141446648686057,0.5430961846101554,0.6741487181157596,0.649187719577558,0.7444411550696679,0.6343356294383417,0.6937131037076674,0.6046045997485208,0.6935642049869163,0.6673808053478678,0.6214035309026767,0.7056241752276675,0.6722539288556704,0.711464929104167,0.588301152860804,0.6656308385283607,0.713160769892963,0.5405845626271272,0.738441308630598,0.6244288057866871,0.4524322788563676,0.6385912572020908,0.7001251534518625,0.7146118829202521,0.6805481926450621,0.7594751341528148,0.536303204267178,0.7062711350282652,0.6798219676687433,0.7407824837628801,0.6110075035744634,0.6517337652499853,0.7049128848031416,0.7421892282652477,0.5141963476339395,0.6196530972832369,0.48328542026550464,0.7533153329196609,0.7226271145137996,0.6122045058139008,0.6647051140507588,0.6467194224060292,0.6968371039570326,0.6329139773168084,0.6374799351005811,0.7745797097207165,0.7339231876843406,0.653734988185847,0.7378714675159708,0.780418988723059,0.6917896564659805,0.6837072991694558,0.683003585260539,0.6761197584393959,0.7204649436764922,0.7440069419085753,0.6888993137936242,0.6257108604597026,0.765783536281572,0.6492909939184776,0.8488034405765604,0.656754674861285,0.7030714510716332,0.7088311822657354,0.7908381952595256,0.658877031652751,0.6375565029836247,0.7284357974714484,0.7956392755209937,0.680059555202267,0.5634486220610851,0.6144205632969971,0.6456536601033355,0.7186696570973077,0.7447008562954207,0.6218343933617069,0.7409513919536785,0.743971492070256,0.6432048796801934,0.7057054046572582,0.36316843898102985,0.7188277732835379,0.6290082682887527,0.7052128046789391
beetle,0.656783931850016,0.8072810181509233,0.702441490570255,0.720260270065395,0.6393680797595563,0.6444817826611552,0.5760430861608054,0.0,0.7557116377305497,0.6976926688033038,0.3253915197039885,0.6478118124740938,0.7637975233011273,0.7289910017264889,0.5079515727430887,0.660628341901018,0.7740368323209115,0.7647419070715424,0.6566468244776156,0.6697099224616068,0.314305297938674,0.8025111856909095,0.7445781031086921,0.5701315105088179,0.6669812384859989,0.6686909536984099,0.7611221565687055,0.5636528318882809,0.7023736100319313,0.7814651847912649,0.3421713459421616,0.7795964279735169,0.6501044647101989,0.45697239156023456,0.7599139790768029,0.6747274068526732,0.7141557302709703,0.7153252400939022,0.791383695124213,0.4163788843373601,0.7442935165095527,0.7153123756211144,0.715476370867877,0.6676793314163233,0.5995659438448907,0.7159546372953774,0.8062279246578182,0.4505937173019553,0.46663773982220963,0.3853146408122543,0.8180089180143361,0.7247202136940698,0.6335879139793715,0.7649747360885387,0.6688146804628925,0.6744019358105988,0.6820657196388229,0.5370939766912547,0.801104877328345,0.8104486502990418,0.7162016670668718,0.7742136844927597,0.7531103904891062,0.6626548669841779,0.7698251625736847,0.7698828625398202,0.7497874709701413,0.8124744949971463,0.7783045428321789,0.7075800046101878,0.5645680640602748,0.7851598512879863,0.6609315246446071,0.8786956399347969,0.6755595446591611,0.7257038741211854,0.7263603666995313,0.837829963264784,0.6350008534590971,0.6480680786317746,0.7649168063140184,0.8043773404516138,0.7657419958888967,0.5558650344737779,0.4891443900823107,0.6933953126754773,0.6987805755482479,0.7215613779660894,0.5571407081033082,0.8010978482417329,0.7127498882855242,0.6517430396103909,0.7476721566257102,0.4488257164328655,0.763557910727302,0.5392785130908271,0.7290635577900026
bison,0.5756277502147816,0.6608204320126387,0.6184901614280388,0.6853107524289104,0.7225210771721011,0.5822845417121109,0.7340884541752487,0.7557116377305497,0.0,0.537004447024774,0.7790287297539058,0.7606783348190164,0.5946330990085553,0.7238917119917674,0.7529576213745821,0.7108861592320782,0.7186656816484941,0.7550025519555023,0.6979397862069262,0.7421304667502829,0.7984678560289009,0.8164102036440753,0.5540839258920999,0.7267872124006504,0.6782402672875526,0.5845280511388452,0.7607084740845971,0.8201266174960747,0.6840942236615648,0.6144675297835268,0.777615755445662,0.6369675421365738,0.7160642597272711,0.7951234374873006,0.7008298099097048,0.6366977541776845,0.5835798342157982,0.6764303284848703,0.6641052378356052,0.7582178260039719,0.7129542454333235,0.6833835451926976,0.584404740846136,0.7538822961257095,0.6610308391273396,0.6616565063921702,0.7547169781532133,0.7743241713463218,0.7362261485566368,0.7633896323156827,0.6324863367503701,0.6041300702817219,0.8120464618492939,0.701149743698433,0.6405963385629453,0.3951599991926707,0.8808067662026856,0.820113258382203,0.8844818346949547,0.7199266182390373,0.6297489841459891,0.8366217241748436,0.6547526192804022,0.7133079296579987,0.7166300124384577,0.5939068946166308,0.6420367184180634,0.6519167803238354,0.7035072469989229,0.7215928620226097,0.7859398612578742,0.7619594643457802,0.6786945540785998,0.8211088229300055,0.7370227043445785,0.5871002907301367,0.6601276258916843,0.8950997792948414,0.7427147859560475,0.7857613460431467,0.7491186638372137,0.8872751678039295,0.7059427073327057,0.7457058221486562,0.7931964329519017,0.6956621403226905,0.7513600224639516,0.7725179322708509,0.7590419759828372,0.7000403539716586,0.7796069440184344,0.6666854584295818,0.620211494508745,0.7675244978301837,0.6982750228318059,0.7579300503758547,0.6550340115265189
boar,0.39963084313238934,0.6691579203166536,0.5251794620987364,0.5083295840523832,0.6257567738459275,0.4502345399270057,0.6852879648869687,0.6976926688033038,0.537004447024774,0.0,0.699987007409197,0.7274664264048917,0.6000584030101433,0.7244156808622002,0.7086480273598005,0.651772029525048,0.6915200012722502,0.7044568542591346,0.5729465070306919,0.6989350707466757,0.7416756149464959,0.7946856748119003,0.607217826039406,0.6767817698428632,0.6423595499320292,0.5666598149804636,0.6960440047767227,0.764463346509044,0.6459549580486267,0.6864444449835677,0.7139471733583107,0.6241588195414806,0.6734875042926642,0.7334517344690846,0.5714044261279762,0.6718302183892281,0.5559656191018532,0.6578265860335822,0.6535841807593326,0.6843351704820986,0.5902141627693384,0.6742208896972245,0.48666915393805465,0.7264257872816685,0.582027805483029,0.6100000383337317,0.6853223818094288,0.7173157717306211,0.6900833535769214,0.7058843207999654,0.6438210954857231,0.6096682461770102,0.757451795021629,0.6138058384100558,0.5108568889222233,0.514115311750615,0.8548391659430338,0.7480381035981771,0.8618053468670742,0.6772151813381525,0.5560024946461332,0.8104053951927058,0.6404315880133451,0.6749007719764712,0.6971547311370164,0.42692064065877305,0.43410028515571086,0.638217183407265,0.677594046025997,0.5657417634820504,0.7362182226892868,0.7010190449691962,0.5621155918946873,0.8266110112637931,0.5790707932346295,0.5964667119153166,0.6460477621644727,0.8578738250329561,0.70121592982183,0.7380690046817631,0.7157573492746793,0.8544618297305299,0.6487576205759135,0.6777272025437899,0.7486556614673472,0.5829892011271529,0.6988954098096126,0.7314981376566722,0.7019405382004246,0.672322807693783,0.760659784579321,0.625233434800741,0.6403991069041983,0.7194280232414589,0.7069157703867197,0.6939084708978317,0.6624168325480555
bug,0.6676249130169862,0.7984840770187792,0.7217863224467589,0.7196286743041728,0.6255634675391264,0.6682243080536703,0.5279429598303336,0.3253915197039885,0.7790287297539058,0.699987007409197,0.0,0.5649263195924419,0.7278704653278154,0.6941792627122175,0.432062051053429,0.6414152616312891,0.7377031687459121,0.7612306378339005,0.6434933476682612,0.6886454822819034,0.3874802650139588,0.7686377085367075,0.7176285399093888,0.5965820031824759,0.6909900847190033,0.6606114051307844,0.7695817831743808,0.5063314131336822,0.6908434262599656,0.7560705848344053,0.34652012626639583,0.7818507023061411,0.6307198591090822,0.4097597887681159,0.7309888135709435,0.6732246486987269,0.7096229727580107,0.7104835934219936,0.8027774825718176,0.32898217929026363,0.7482611928432378,0.7048008334101394,0.7313036510639783,0.6300373737651433,0.6085508055663408,0.6950150329422785,0.7778813701619323,0.39805685500054144,0.5214282703953836,0.3449757984032862,0.8033482545236432,0.7178533700175502,0.6413502089336057,0.7457072777105636,0.6745920614160105,0.6893039163802925,0.6019313110626145,0.4922722150613382,0.8311194554660728,0.7790990677891517,0.7240047190121515,0.800999937639968,0.7663971021568088,0.6718869687529314,0.7558730165326246,0.7568345110735929,0.7418040367729775,0.8017114514308714,0.7816261419264905,0.7114466607195162,0.4955894532717742,0.7934712727848617,0.6433379760075735,0.8709103460258129,0.668857742589908,0.7284641886193325,0.7288060751178336,0.8505329501738192,0.6361408884090289,0.6330506796401613,0.7568724676995593,0.8273139479068722,0.7563741647224876,0.5638708805388201,0.4994617490122049,0.6838989436043734,0.7079814402498787,0.7236223530289535,0.6106129958372156,0.781155562786422,0.7009707851755658,0.6640303218303635,0.7718435161807401,0.42672881918547434,0.7809397356595843,0.5563078001931293,0.7329646347806513
butterfly,0.7251717818271451,0.7835213674224513,0.7356099435919528,0.7287819889703191,0.6237998802605562,0.7154223919168196,0.536216869563651,0.6478118124740938,0.7606783348190164,0.7274664264048917,0.5649263195924419,0.0,0.7132134760440317,0.6401014487413483,0.5208858109957741,0.6856440601688837,0.672917299823825,0.7659820328022205,0.6832947993557114,0.6773147395317299,0.704471431068953,0.6737448466811241,0.6778597293478967,0.6941567565615238,0.6719608064298943,0.6737277364790148,0.6954352454998745,0.4997430569692075,0.6578204318937703,0.6630912542824516,0.629293531990186,0.7151315705477939,0.5770501636800486,0.6192877712610916,0.6871542133142159,0.702328371223702,0.7455587309601737,0.6729294821633701,0.7573132190150289,0.5528573933823661,0.7543527990228698,0.6355647364214426,0.7211208089524815,0.5629797844736589,0.6205713482780184,0.7194587414067201,0.7299448636212738,0.5239355989511573,0.6308817344360824,0.5437828306824106,0.696954184251924,0.7350918249246436,0.7167453244579742,0.7330106787910274,0.716876759526872,0.7080225554671719,0.7575389295243494,0.5729562631043068,0.8084409131652603,0.6989027157393898,0.7166118050901279,0.7891193460535378,0.7068669147478647,0.5765690994000957,0.6823810278336202,0.730195340286438,0.7140959009005746,0.7413914724043726,0.7572166090973182,0.7681468131710341,0.6160959497565263,0.7855716027159098,0.6761561599707117,0.8129229402666323,0.7506813468182465,0.7251761168510574,0.6774175777784758,0.8103575171570441,0.6478573671076583,0.6301360809166006,0.7232358480168533,0.8155750852034445,0.7113372408467219,0.5867748617860168,0.6415017947097688,0.6958289128004138,0.6672476821918892,0.7336392784531918,0.7015523207602983,0.6401912770413337,0.6271239975269834,0.6198706751596171,0.7438999261058458,0.5708287783175924,0.6911264018623556,0.6575190023547582,0.6624336582448411
calf1,0.5389438044289356,0.5380556674327915,0.6296503614164946,0.6304791171775612,0.7061029142209864,0.6712853988068309,0.6992967982722955,0.7637975233011273,0.5946330990085553,0.6000584030101433,0.7278704653278154,0.7132134760440317,0.0,0.7760606998767582,0.7502854589691031,0.707363244408227,0.5558361603433315,0.6704168238842521,0.6808585955278563,0.7229419301347106,0.780916477616671,0.7942229450311726,0.3077852413547823,0.7188507842980836,0.7418272057868933,0.5835194981940095,0.7089310624048596,0.7856514370390489,0.6683524275519249,0.718133426792461,0.7463195212754,0.6191699523223942,0.7010988763218615,0.778744492604427,0.6909498171224077,0.6450042025349801,0.4602372863077486,0.6856326095278761,0.6917822236408294,0.7187090428140049,0.6382700733795251,0.7256912965241771,0.6127672938274017,0.7516880020013036,0.690035654567292,0.6157349661063909,0.7048588674915933,0.7148085155129196,0.7166548085090839,0.7264102308806892,0.6885768170094201,0.5718243081127266,0.7449993236070723,0.7115620374273162,0.6814421934127347,0.581763325621658,0.8334617225964515,0.7763959742100013,0.8524528760298752,0.6747072838505854,0.6809341729483017,0.8268952014894658,0.7170525304593315,0.7220860450965837,0.7098676834668444,0.49187031149874605,0.4775276623850545,0.7040951296362105,0.6114739668025985,0.6940393484635196,0.7454519652267878,0.6923930300062728,0.6259614048284425,0.7714785002606201,0.6881153159538577,0.6498870022478277,0.5858745164191038,0.8384543437181314,0.7808166244577159,0.7516422394821232,0.7548203231665555,0.8566490198632066,0.6952720756764759,0.6997162326687337,0.7568381610708632,0.6891744047614414,0.7245183924088889,0.7563749846320192,0.7504296286368436,0.7023697199757435,0.7564229485189187,0.6818245711709235,0.7052561268039286,0.7417778649285893,0.722366293775962,0.7213420219077348,0.6317651743573581
cardinal,0.727592566256233,0.7878820269176141,0.7442758247050691,0.7432869749676327,0.6593883746940866,0.6813164171748213,0.7141446648686057,0.7289910017264889,0.7238917119917674,0.7244156808622002,0.6941792627122175,0.6401014487413483,0.7760606998767582,0.0,0.7123198996710998,0.7683935002474663,0.6984461225372389,0.770340302673973,0.634664246848223,0.7475310265883621,0.7722187944124468,0.8286375083901941,0.7654438467774276,0.7375685481695259,0.5629841670113698,0.6675185042099767,0.7602757853344256,0.6929310794099377,0.6572577234651951,0.6470759633763363,0.725811898304758,0.7912047051879125,0.6926101390157057,0.7283117413833652,0.6696462064933206,0.6824013286632322,0.737068721117573,0.6766035747982226,0.7572547280970005,0.6807438589578041,0.773893676132508,0.5892805740335053,0.7648263408055614,0.5453748775391943,0.6815217036676221,0.7250916944166201,0.7820713387761326,0.6415958221000787,0.7407355208887202,0.68732187303939,0.7424085842553497,0.7186036933293038,0.8127917065418896,0.7013751745602687,0.6618804769522938,0.6934022037537892,0.8831770895312971,0.7590747072948122,0.86780683486036,0.7292272853099049,0.7066682677043771,0.8430094963519874,0.7332798920023637,0.6085776497120736,0.7060443479335855,0.7785976748110012,0.7638064562365813,0.7781182019645134,0.7716775494417485,0.7372344573618381,0.7017406262415432,0.8029172414357233,0.7099055324935537,0.8721900098062839,0.7646584954845983,0.727983359496558,0.6537792417127518,0.8940565774780227,0.7726863774557112,0.7800365229827622,0.8021228462273688,0.8859945120109891,0.7282236372530287,0.709326332104205,0.7332609522040986,0.6450544166673509,0.784105798337442,0.7763797166464421,0.768087332268615,0.7464524737819929,0.6100216198927819,0.7108460585107917,0.760467343390224,0.7173197663144032,0.7842270960749361,0.7550444284779488,0.752100270685034
caterpillar,0.7131963187476295,0.7702820591756886,0.7174000910556828,0.7065126458057155,0.6399294231080513,0.6594049952218868,0.5430961846101554,0.5079515727430887,0.7529576213745821,0.7086480273598005,0.432062051053429,0.5208858109957741,0.7502854589691031,0.7123198996710998,0.0,0.6535125400671462,0.7366141976284685,0.7962532431014328,0.6547787248671888,0.6506471401487416,0.5524842423449708,0.7659765503441712,0.7261414433204133,0.6726510354915206,0.7085468311341874,0.6933612855988192,0.7822486718334349,0.5230391716046894,0.726367911442526,0.752052842782201,0.44814485245351915,0.7853256317223626,0.6431650059546834,0.536207411066999,0.7414938638798575,0.7320475393362647,0.7582111624519428,0.7188528828459178,0.8138771328577877,0.44865443935662036,0.7535705462588205,0.7085311306284436,0.7479867561712676,0.6636823268715096,0.6038498881185473,0.7364941186726276,0.7658871647482338,0.487600275083056,0.4656123300795075,0.4853174094243615,0.7862923097391581,0.7295948176240012,0.6044265208748447,0.7466512045510427,0.6692470315078561,0.7348481709477024,0.7079306197714543,0.4921333212894203,0.8658734015676699,0.7976863576048057,0.7249318847106384,0.8117073748465137,0.7664007821641997,0.6853525000495478,0.772293076159458,0.7617890489683883,0.7443211939116242,0.8061783193663322,0.7713564469560802,0.7103204625376337,0.5900978433894929,0.8168254580519845,0.6766310256442529,0.8970028239068564,0.7083255298812255,0.7706375655658186,0.7344046740203289,0.8641460834859578,0.6034886313688581,0.5888741225659061,0.7707263237289718,0.8351774457920635,0.7481999481986339,0.5672278464691933,0.5704802349238152,0.6599710744031589,0.7216046050936041,0.7637095848495697,0.6236845548726304,0.765023168452423,0.7390549083583303,0.6824448204902883,0.7537893811480448,0.48666902185592237,0.768972935168491,0.48518068429872363,0.7144562378269438
catfish,0.5990264444501091,0.7816755039464354,0.6483327652588935,0.6750963668225513,0.6188020521756944,0.5871355701341285,0.6741487181157596,0.660628341901018,0.7108861592320782,0.651772029525048,0.6414152616312891,0.6856440601688837,0.707363244408227,0.7683935002474663,0.6535125400671462,0.0,0.7304076095422232,0.755999443011452,0.6706574501342053,0.6173991018021411,0.6216009541909137,0.6481861014821518,0.6928707673793797,0.5140373452527206,0.6857244981393843,0.6454989414624542,0.604166326610165,0.6812340286051353,0.634364073609084,0.7047523711150216,0.6091980162943399,0.7042515883370686,0.42272676995800157,0.6568913839286126,0.7140084554778982,0.6763119931647624,0.6889638734817296,0.6589965415475626,0.7111126157002072,0.600504114125474,0.7240924376261008,0.7031184810715869,0.5952014879556388,0.7110962421438586,0.5302861615056199,0.6827669990790912,0.7559556501053937,0.704803081360573,0.5279389836262286,0.6209135922654333,0.7204655432530648,0.7134424686104087,0.6517151877950926,0.71193426975428,0.6274060039066829,0.6223796088907887,0.6993074355004835,0.6580495127170707,0.7568579205524839,0.7324610276547754,0.5764908412023813,0.7174336593409285,0.677213984656313,0.6963827356811567,0.6965667612299385,0.659280818461244,0.6821631094386017,0.7001894617677719,0.7474952243974583,0.6550224554165822,0.6360333328362572,0.7660035168451016,0.6922153221742029,0.8308285582738969,0.625764704338192,0.696842821005442,0.7087070122125267,0.7927029974294839,0.5814728146423325,0.5442592509731458,0.5201380249620268,0.7579449270052167,0.7080355346006413,0.6256905203923784,0.667225505682264,0.6897089171722617,0.4867966080270449,0.49799384092869464,0.6943606424113683,0.7094694721481167,0.7085827111643465,0.5651006228303925,0.5830220679134143,0.6662395694901765,0.6111691471514683,0.5757405690285261,0.7087286229303599
chick,0.6211507640805857,0.6400047696116712,0.6981637023880556,0.6980283496055769,0.6847728064939747,0.7020370564653544,0.649187719577558,0.7740368323209115,0.7186656816484941,0.6915200012722502,0.7377031687459121,0.672917299823825,0.5558361603433315,0.6984461225372389,0.7366141976284685,0.7304076095422232,0.0,0.6830724747128831,0.6425376213705353,0.7051768868516066,0.7941567988447911,0.7831084096523895,0.6084465525095315,0.6967959875173909,0.6615578516932036,0.7100765404215145,0.7492583590798586,0.7737327271917472,0.6264715738845,0.6380452197909717,0.772498450147507,0.7201634480869412,0.6663247421590884,0.773311685920084,0.6888786099274634,0.733502787554769,0.6140205339429845,0.6555267292431666,0.7341567957711398,0.7169227836846747,0.5857719363390862,0.6646623688158583,0.7003439136953074,0.6815693748670304,0.6683688609617322,0.680581830020629,0.7127957767258803,0.6995301666016794,0.7118153215379774,0.7090696851260294,0.7524331237766536,0.6513463910227131,0.7034076652032231,0.6591434266716417,0.680124258124264,0.741459830919333,0.816195196147235,0.7890184738741505,0.8098641873740352,0.7294430831527531,0.6740705142865667,0.7888272688760771,0.7786643839364936,0.6360583102111254,0.656363691573243,0.5898396030357155,0.5245124096282754,0.725014770918137,0.6521861058837378,0.6947907148826138,0.7298032309865267,0.6996960299648931,0.6067860923601636,0.8536418479865447,0.6531739564985503,0.7534103394071425,0.4844136439214742,0.7736796496567879,0.7544655863864914,0.7093251350170073,0.8073970085133259,0.7900050161005806,0.6918991080612444,0.630392083686558,0.7588404644019049,0.656650928658487,0.7716169253846509,0.8166203380348059,0.7291185669569036,0.7575803217198335,0.7159306880839771,0.6498355013385226,0.7486826279574699,0.7326978270384602,0.7718100161831194,0.7259384269694975,0.7345996012439878
chihuahua,0.6251602234275248,0.6852313427192575,0.6788153212102598,0.7041668508359304,0.7122347378973646,0.6940632340650896,0.7444411550696679,0.7647419070715424,0.7550025519555023,0.7044568542591346,0.7612306378339005,0.7659820328022205,0.6704168238842521,0.770340302673973,0.7962532431014328,0.755999443011452,0.6830724747128831,0.0,0.632127900707246,0.7517029341021163,0.763489146346462,0.8774813296139804,0.7126598821540027,0.7502248460502907,0.7586338676905126,0.6675913252156696,0.7670673444485543,0.8034698464031982,0.715097405938105,0.7321361780658691,0.7643167468493618,0.7327795090727596,0.7176975035282069,0.8019342466800914,0.6752044090762361,0.7305843585171709,0.6463403638598253,0.7324233775263228,0.7293190085581379,0.6958094575465759,0.5574698668018848,0.7493921542385783,0.6910525368653028,0.7382555440047648,0.668406003467963,0.6789250984626108,0.7274795789005339,0.7562368351697841,0.7487834745415313,0.7277911711660912,0.7380593800968023,0.6534137419178646,0.7814708192406246,0.6493254819499477,0.6230165480310897,0.7294410336790235,0.8844595762083485,0.8060394739123939,0.862892968422054,0.7685144102489752,0.687014866945664,0.8361130656481934,0.7342369819047897,0.7248821564578118,0.745590409885604,0.6830350029947139,0.6199400173345739,0.7645418716708782,0.43501768759291964,0.6579637885173418,0.7052559478246194,0.4245135646615377,0.6199329349629411,0.7848702569663446,0.6850761361226317,0.7646807666372257,0.6911251464002005,0.8220810236148405,0.7987368092588705,0.7536945676199693,0.7892973031003115,0.8215670553837827,0.7029971972114166,0.697315281301984,0.7900322986319355,0.6354015158046117,0.7815122315297237,0.8006652944814664,0.777780827102763,0.7507150729899016,0.7643769387138291,0.680427028097999,0.7647573679127345,0.7722635302852636,0.8224304951769117,0.7887364900687778,0.758716356122691
chipmunk,0.5633995916692927,0.6895986157276782,0.5667175636400382,0.5433351175265446,0.5913093533786302,0.47596005189676976,0.6343356294383417,0.6566468244776156,0.6979397862069262,0.5729465070306919,0.6434933476682612,0.6832947993557114,0.6808585955278563,0.634664246848223,0.6547787248671888,0.6706574501342053,0.6425376213705353,0.632127900707246,0.0,0.6339349117616501,0.6760578939791334,0.8104620192704092,0.7128010255825629,0.6318456301035553,0.6651575099305049,0.5809889882779676,0.6875089041312287,0.690862632332223,0.6014648952208292,0.6808012260350973,0.6438089243059487,0.702354037771184,0.6483495649710707,0.6905012109722085,0.5632327489130531,0.6428263903582708,0.6113752229129551,0.6688025042076968,0.6799126490509384,0.5892702508566314,0.538521162043097,0.6242767303470943,0.6563930124680356,0.6081887310863018,0.5825683486537712,0.5877853553401179,0.6370073775256077,0.6457236466852917,0.6265384373269922,0.6495779772628061,0.7089978917449643,0.6209685181667529,0.702395603946921,0.49342034108619603,0.43462407519713764,0.6396363402933067,0.8255034440307135,0.6963706983214075,0.842618190243748,0.6796769327904426,0.5164567227705319,0.7774814112983585,0.6940017882732605,0.6575416769400725,0.6664438562806344,0.6727394403851085,0.5936497630549623,0.6956025858572158,0.6581525701184892,0.5128529633130154,0.6297612107862962,0.653575140912543,0.4639007840901162,0.8548045321710555,0.5036409600197703,0.6762774450757321,0.6781339087979432,0.8179667655108672,0.7007434564538874,0.6785896291006063,0.7520341089433475,0.8137972755886892,0.6068214324084116,0.5445294569653962,0.6698441320483113,0.2585065218364102,0.7179634984516992,0.7518561184682355,0.6550655701870435,0.6825617023662381,0.7174177163148182,0.6099626330096176,0.6716120667652888,0.6513780363963309,0.7511956163216347,0.6599868408792515,0.695630748863735
cobra,0.6131391187192221,0.7008367829406726,0.6099139826626389,0.6455537994702172,0.6469962167133467,0.6396466573974873,0.6937131037076674,0.6697099224616068,0.7421304667502829,0.6989350707466757,0.6886454822819034,0.6773147395317299,0.7229419301347106,0.7475310265883621,0.6506471401487416,0.6173991018021411,0.7051768868516066,0.7517029341021163,0.6339349117616501,0.0,0.6854888806797574,0.7710097794109353,0.7079420440877179,0.6280773130635695,0.6371435642547765,0.6410901358136686,0.6884961499884723,0.6491425052002172,0.6568094138266114,0.6496751395407464,0.647769785758991,0.6723269346689621,0.6200729666525986,0.70324041968819,0.6784452034029609,0.6019857904748511,0.6463888128359561,0.646584617045618,0.6601408310360771,0.6038918601571125,0.7052965466705293,0.5795689043740346,0.6494048039706809,0.6937703296805205,0.4729778737232383,0.6144114347563043,0.6966471959630813,0.6849026139720124,0.5424516951360633,0.6651663216054147,0.6553250871362517,0.6271977626149335,0.6719377172845797,0.6007852993322638,0.5381432684262012,0.6835868059715914,0.7716531565474756,0.7055412288615472,0.8563278525801808,0.6986891084951086,0.6162049257104866,0.8178712622751465,0.6315564671436389,0.6149996611437125,0.6878113646350471,0.7059687225364066,0.687490934498643,0.7357066860307807,0.6926240521478981,0.6245674303860704,0.6119462655182529,0.7760172776193783,0.6555102563427917,0.8179331795799112,0.6387770666655079,0.726526942299785,0.652544141483613,0.8678141704357517,0.7008097767448984,0.581932082724583,0.6909428810067393,0.8104608281149673,0.654931945203175,0.5849911643472667,0.6283543923084552,0.6406913178605584,0.6658318649316924,0.6902394340871029,0.6274719788468687,0.6518660837954721,0.6563018874389381,0.5832999290329349,0.6661764753928365,0.6309620215967194,0.6773173402567955,0.5600981067442382,0.6085290002761967
cockroach,0.6648380087432539,0.8343051943278964,0.7339559560797669,0.752416883761278,0.6542897472794953,0.6740021161259879,0.6046045997485208,0.314305297938674,0.7984678560289009,0.7416756149464959,0.3874802650139588,0.704471431068953,0.780916477616671,0.7722187944124468,0.5524842423449708,0.6216009541909137,0.7941567988447911,0.763489146346462,0.6760578939791334,0.6854888806797574,0.0,0.8170892507417519,0.7735896915129542,0.5859783662201021,0.717084200592977,0.6910172044134943,0.7825153922526389,0.6286090424813489,0.7482019617909472,0.8143528306660884,0.29024167925001726,0.8167528135570513,0.6607467158997793,0.4660330154978996,0.7579754682327741,0.6852718368338643,0.7305500866606823,0.7577593971126403,0.8167676743666645,0.4021105205575613,0.7559805133772378,0.7441538728094304,0.7380472088978738,0.7319075240666533,0.6224941851437155,0.7200479759843946,0.8350716981383141,0.5590337010627285,0.4926669938314436,0.42727714852156246,0.8362901523973695,0.7387844965779489,0.6106829798457776,0.7774230250365811,0.6744318031361357,0.7119219440758974,0.5955881897134992,0.5516794948404853,0.8497823220141473,0.8210706895847018,0.7408309269921179,0.8107304918989431,0.7924795457472328,0.7363763900984104,0.8116123707805991,0.7822503380889774,0.7785774841419406,0.8402221673269924,0.8052542648740174,0.717367238097511,0.5336448530648509,0.8204924588115382,0.6814385020647373,0.9004665858162149,0.6625367646410422,0.7656185990196163,0.7301382590414224,0.8638873941999123,0.6646346472432995,0.6532926322486895,0.7504326823453973,0.8177618856914963,0.7939603321654376,0.5862148629981604,0.5137361031894951,0.7113326066230827,0.7094043240432213,0.7137519755742587,0.6028265292537087,0.8273295788124101,0.7688114101358746,0.6775944358297517,0.760051040501685,0.47490542179462264,0.806638400387693,0.5316934742536771,0.7682378253986025
