,aardvark,alpaca,anteater,badger,bat1,beaver,bee,beetle,bison,boar,bug,butterfly,calf1,cardinal,caterpillar,catfish,chick,chihuahua,chipmunk,cobra,cockroach,coral,cow,crab,crow,deer,dolphin,dragonfly,duck,eagle,earwig,elephant,fish,fly,fox,gazelle,goat,goose,gorilla,grasshopper,guinea_pig,hawk,hippopotamus,hummingbird,iguana,kangaroo,koala,ladybug,leech,lightning_bug,lion,llama,maggot,meerkat,mongoose,moose,mosquito,moth,mussel,orangutan,otter,oyster,panther,peacock,penguin,pig,piglet,polar_bear,poodle,possum,praying_mantis,pug,rabbit,racehorse,rat,reindeer,rooster,scallop,sea_urchin,seahorse,shark,shrimp,sloth,snail,spider,squirrel,stingray,swordfish,tarantula,tiger,toucan,turtle,walrus,wasp,whale,worm,zebra
aardvark,0.0,5.3546945556351435,6.371587124796793,6.293736527242481,5.665147878620699,6.8484231086136305,7.393207023735892,7.7517733701466485,5.188045031595382,7.394262522778566,10.709474012353608,9.882208051454413,5.590899152956172,7.576016558641985,8.94563460915699,8.166560415270391,6.310097489387586,6.297608176576522,6.2870576579444055,8.69243333895671,8.27425483655792,13.951410527895051,6.138772785487424,9.712083759122315,5.591458396796851,5.456428753718497,9.508958735341979,9.349811415732368,6.222320886603414,7.034117041313254,8.885949126472457,5.35316613485065,9.887401720622146,8.036941531372497,6.855215338387669,5.765151338497941,5.795278940453444,6.328126551117112,6.80452472579029,9.561224005009493,6.633140228749846,6.248846833535908,5.389046050025571,5.579383392126865,8.664174670102797,5.490772073840231,7.791820781796212,8.0106625765138,8.418146037536639,10.360250780891883,6.323115165924394,5.7769440849236,11.058567254331946,7.931050116091892,6.358062598683923,5.5434600714526905,8.461269981953873,7.533026332619445,11.01028865478469,7.035713405938618,6.845721394198757,9.079741156719006,6.338101946514619,10.101032359727306,6.814364510392315,5.413178590033136,5.428490923135936,8.417377865739313,6.290645106084585,6.559168903365174,9.395090045591363,7.232939500721705,5.675787001868277,7.977317216437662,5.581501874375965,6.828866630255814,5.434346753027449,9.16381546780296,11.59856083802008,7.132648199593265,9.399165356388309,10.235406450691995,6.948086136474738,7.872340071661122,10.397733258305081,6.358780973606291,11.273530742432708,10.11447584322104,8.571806635979833,8.947266464413046,6.319985739091314,8.271731299953625,5.359897798126632,8.39366636200385,8.91718166315779,11.431508543400755,9.848977479809383
alpaca,5.3546945556351435,0.0,6.99606814563995,6.482585695142453,6.423896046795972,6.7009241108017426,8.311590294303947,8.3044437415591,6.099763967513012,6.727491365600702,11.728018695286961,9.92484266531747,6.31280401735726,8.48893185462955,9.531302437215103,9.07631586907325,7.429046943762419,7.1798243479862665,6.677756247705984,8.750953562388034,8.711712886548304,13.837802057152077,6.887697451084395,10.38329950103544,6.114929337953044,5.81478996468607,10.452574541466454,9.694937325256754,6.123121598396147,7.470553214636664,10.105983617961542,6.538283589626719,10.167922024368858,9.473397901481745,7.751309209886784,6.892053060477009,5.331967422691659,5.851335456048946,6.590374252275794,10.343848224068271,7.0811329215802905,6.64744313031574,5.894448608233957,6.342972652441179,8.464879151531575,6.304004747521015,7.980775804160529,8.73473664269016,9.319953872483149,11.693089363292975,6.336064044491283,5.479782908745718,11.542003556631403,7.759958160714461,5.845770110761542,6.107567333657404,9.162131695953681,7.5341379788538365,11.094898793187435,7.2663743555478915,5.98538874945832,9.671819832090746,6.7988713389752595,9.876846271175136,6.383199192726774,6.048370778892946,6.265789107749399,9.072315991815122,6.110023094056711,7.003947871552774,10.383011544249372,7.441204199761882,5.40623282069217,7.350179180904877,6.134029862711344,7.047184618030242,5.160440558469185,9.878139675180405,11.318044253640393,7.149637594717068,9.70036820177074,10.493446667913581,7.004995261825882,9.067742306829587,10.906869743110864,6.421105872766587,11.831296001246574,10.879048269051735,8.590360917964396,8.479733717253037,6.765289660653668,9.277427120827717,5.974006651356089,8.737198344303035,9.30529804766046,11.403384839287625,9.3555840346463
anteater,6.371587124796793,6.99606814563995,0.0,6.785739997442016,6.68707715795529,5.51211349411832,8.281759034622949,6.801616536342143,5.7250577769571445,6.593901891066938,13.183708440740293,8.377425466808198,6.364897267356275,10.666798286601027,8.408287980709343,10.033073532284627,10.058589915265745,8.773667991664452,7.17950661812141,7.56176374705848,7.690280650132258,11.459272534060883,5.6848818188321495,9.518933455709615,7.359806064148385,6.313602367585607,11.491471203155026,9.769784950055886,7.998161023461387,9.355213481264649,9.809508178947981,6.49378940642193,10.091484521620583,10.049014901266355,7.825451313700152,8.105437619854923,7.585385067098846,6.116460679833432,7.7034673749593425,11.558033498413412,7.34157860756294,6.738543943336438,7.137154645207109,6.943569471664732,6.826601266998434,8.403870180890365,8.14572534218056,8.123874645754182,8.026362167448031,12.553794449357268,6.934302145941699,7.51556554959101,9.338643231777308,10.591558406250451,6.03518443914042,5.824156114616816,8.202726237201224,6.814726408180482,8.938600079587545,6.459211206757346,7.273919322078451,8.328282644560263,7.634197625765796,8.860589298233506,8.012298442709955,8.302693601767936,8.536002994561608,12.132230797497158,6.106770253161701,8.265374129318094,10.423742601382862,7.436275993041707,6.759942738302735,7.08529662287035,7.845833821470726,7.515828518575435,6.8591325440967985,8.81134826299247,9.56327576521785,8.178819280179168,10.116604550034264,9.092347723933129,5.874272484541425,9.597705818652585,9.16936225114661,5.869401433945719,13.404249217496794,10.397654814331526,6.669685187089458,7.0572207728570655,7.589639114359022,9.69104968928837,6.84225556532511,8.110088280358953,9.32237944392029,9.514498666968311,7.282200897297561
badger,6.293736527242481,6.482585695142453,6.785739997442016,0.0,4.844540787909385,5.68829498904227,6.6204521510415795,7.639695862304869,6.982022311125084,6.706922507319793,10.539602532414046,8.27050370992497,7.409418607382012,8.616536612190819,7.216180731313703,7.075748829535283,8.132937139301998,8.35683149261115,7.19026610188863,7.0944844228529425,8.4785904220968,11.134003774214124,6.95997569338225,8.099160671951449,5.904665143970868,7.355526145142675,9.379129545733976,8.142052864807392,6.007493988739162,7.008524107584496,9.170278684761357,7.674513442407829,7.901805498776017,9.007609372609844,8.933231612850477,8.000197260991404,6.9064305048599754,6.132631608349769,7.714778631575598,9.688962927646967,7.622191687252471,7.458832895473603,6.488001518779889,7.205101509648818,6.763155925123267,7.847347655392405,7.86246268061021,7.53029731025325,7.159526492508959,10.583103665279783,6.884687365205969,7.897432069207978,9.82793606592372,8.688954612970726,7.2639759107596715,6.635401511179179,8.090546226473089,5.752544073926365,8.827854119122941,7.497341498018827,5.82753569647375,7.163126721965131,6.877935362895987,7.451484400642479,5.735696757179545,7.638574482164516,6.441829297700796,10.333628529332504,7.0851358156272655,7.553573424381982,9.015626028278087,7.676805048790103,5.22879450215459,8.668189688917742,5.459308074186889,8.138201253757622,6.123293497253187,8.033560047783222,9.242641236773364,5.91930434529842,8.20353546635285,8.369159472713632,6.018354880958891,7.248682545758715,9.439256522928712,7.100671143584777,10.341967446223604,9.429162479348907,7.82756179530101,7.994363441466924,7.3423667462716145,7.724918883674978,5.89438094181089,6.761841952498479,7.499937986622463,9.220163492251283,8.979986531102437
bat1,5.665147878620699,6.423896046795972,6.68707715795529,4.844540787909385,0.0,6.378574259014228,6.259770624839176,6.32715308933432,6.521607899973592,7.731301347621035,10.186849797629232,7.634514307480976,6.37731375302423,8.254432447384117,7.183674395440254,7.228828600239582,7.908922536045289,7.858916380607811,7.171885889723264,7.014058594676262,7.687205567064274,11.52943742459086,5.998059755806776,8.12661527590565,5.874579197735997,6.668379017239081,9.44370091263304,8.115983966104816,5.785838429966401,7.664772297370925,8.5744840877677,6.906952803159249,8.098514967393212,7.935405729280331,8.139880153056929,7.236952418394682,6.631141499315208,6.128106640277045,7.631328363666684,9.596290755019172,7.123629355353506,6.609840269422466,6.03324302618853,6.094507720204631,6.701237729581746,7.4531454457545205,7.812505795870414,6.3824451171003185,7.000589436539453,9.906343469784442,6.916696211877755,7.5255865733219025,9.430583919147567,8.595896393536622,6.962322392804283,6.222439713012591,6.892214707752615,5.502185977176039,8.790692929811579,7.0451134025062565,6.486495660592863,6.851792457666474,6.756659248952157,7.911077422375987,5.914684072688112,7.173965121491122,5.836128362679761,10.595822411036803,7.191244304684398,7.531391610089627,8.323266281121777,7.1740029553409155,5.567921373486568,7.76876967375055,5.61699438147592,7.587529261562324,6.186615608853123,7.329341518515309,9.250021414886225,5.6488478610786705,8.261565108173231,8.40797937423745,5.874614820567518,7.067172799276797,8.376810402610054,7.254661676059133,10.753501761981138,8.899594576442128,6.9427606512525,7.838372407070595,6.676816311247815,7.299627066807735,5.765361543350524,6.150482924319299,7.720158216026944,9.419420927698125,9.094104761306696
beaver,6.8484231086136305,6.7009241108017426,5.51211349411832,5.68829498904227,6.378574259014228,0.0,7.529358580897307,7.1219098334327064,6.635791844099922,5.831341392185008,12.080455780376594,7.3519273407160615,7.399656921101659,10.436337805388316,6.803158738874784,8.543025226284778,10.048198250113403,9.765977471778504,7.708805779293325,6.75393592328271,7.609399467907994,9.654516511627923,6.387570666843385,7.925276565456661,6.800000962096779,7.37518934686219,10.34405116948628,8.127632153750177,7.134798028334985,8.305666048829352,9.465489573349373,7.664129168404991,8.184947595502473,10.21722004193147,9.286071368935085,8.962551608573964,7.670822562491071,5.994400372227013,8.151448618484743,10.303366135468643,7.953887882871003,7.561115160649977,6.855288560240019,7.698068403740204,5.433339419262284,8.75564421046454,8.586927388586183,7.7698911360530305,6.829004438302029,12.052951970311508,7.020878652246101,8.30652062804064,8.663579510737295,10.836842537210245,6.833213454837932,6.194616847202517,7.951896832945653,5.429713847681589,7.522475761357581,7.221497368560272,6.129474118461059,7.218199208284234,7.777757588651726,6.986463563316359,7.358496049021646,8.697218576230341,8.491206263001166,11.951411371262232,7.051024280346431,8.591727144922316,9.700875908697414,8.393176304377631,5.558871442521048,7.756514334998154,7.127100272904846,8.187995996878554,6.303270092518165,7.869072717820855,7.778061060978989,7.0958976450084,8.601872174402235,7.779242086039739,5.425416908119898,8.408661677862433,8.793042786925557,6.380994023186272,11.766364090928246,9.730244061850055,7.167001169666234,6.709448312270689,8.00452203830421,8.559554591789523,6.132879388671953,7.031115152200252,7.79948092231361,7.872088346772585,6.972110711504984
bee,7.393207023735892,8.311590294303947,8.281759034622949,6.6204521510415795,6.259770624839176,7.529358580897307,0.0,7.30813145916926,8.552420016954342,9.724183662711152,8.16993633056046,7.045290179182049,8.49901694088903,7.572993158114246,5.926351179661244,5.775256850433313,8.370055080614035,9.747600641622316,9.694631700737693,7.89426649328004,7.860968467048541,10.959766850841167,6.488660374308285,6.457984505874902,6.742047869123259,8.388812914886147,7.572834516678337,6.376403138053986,6.393152426959902,7.000795828286549,6.289096164789048,9.098114069915741,6.70905885732965,6.9447191549968394,10.39088740293404,8.51169624859341,8.245722006422545,7.10049885825585,10.258452727106434,7.261615975855945,9.572189836413974,9.051754680221023,7.600979549255221,7.61184582136603,7.897368007072583,8.325517955841715,10.309358416548864,6.00197275594948,5.8761112429219935,7.91996794974782,8.664473053055136,9.426878472821638,8.25992659443816,10.394443356334566,9.40768886918126,7.948385679734564,6.740382375297915,6.429813475375977,8.247327138316427,9.478873065263777,7.769374452918369,5.896736644685404,8.484619956609546,7.367633248946833,6.7025221967233986,8.759599451976325,7.8857004118298635,11.297417103407216,9.204081825716926,10.076822795994065,6.252465484627191,9.709358471093852,7.076015597323591,9.384643061522882,7.114212169893317,8.374605730834253,7.0013293273909945,5.814301352361085,9.43732705443529,5.8763679345914825,6.697209548714165,7.243397747308337,7.881193117003329,5.422764783772461,8.66737114949756,9.22093230879746,8.815793577351112,7.766058358262759,9.033896467909424,9.673644139154764,7.6794123742286216,6.321905917250045,7.146379064967866,5.1787373012310685,6.131556363449378,8.706060568497843,10.416500834686714
beetle,7.7517733701466485,8.3044437415591,6.801616536342143,7.639695862304869,6.32715308933432,7.1219098334327064,7.30813145916926,0.0,7.505530849525656,9.484086003183522,10.636274678841913,6.500927773048898,7.341874588585195,9.876750133647803,6.69878548144917,8.38054866912607,10.755673083646828,10.462942871625236,9.278174945110731,8.054481334132063,5.078149993615749,10.866063389841017,5.107115413235956,7.319028752398835,7.599261575178709,7.65480877548315,10.183724351483276,7.7658974765244695,7.444835305435746,9.788373824682774,7.36103973729302,8.60381138307193,9.030520158291413,7.3787407165484,10.021519526687957,7.631057114869708,8.18221453374369,6.622105714419827,9.916692448868108,9.87029054839807,9.413521215234383,7.935623415434555,7.401019132000827,6.782017189523839,6.7235190261717745,9.314748033935865,10.495798126694401,5.923494348107682,6.771659003155241,9.906050681928264,8.724441659011239,8.81735816949506,7.947007722789076,11.710544869849956,8.236581311793005,7.049532092291749,5.12208982823975,6.161303256439316,7.96109712450978,8.538536284060765,8.39149153384042,7.001589619940129,9.374944136763872,8.298876035237223,8.47368873222552,9.49118468350423,8.766523919991224,13.408694278505095,8.920039425979306,10.376251290393972,7.699469830721476,8.952431665433995,8.267990725251385,6.836895626746203,8.832111281016664,7.329388953007452,7.352498918311371,7.000448846522791,9.115283535551395,7.35045049627246,8.471518018924224,8.210079215542358,7.743633590669711,7.998166356465518,6.736212457465047,8.689303810235911,11.99911209415468,7.865667545048401,7.34209311492501,8.639666047688426,8.244570088461082,7.482363668253935,8.066074812901823,6.163506543428369,8.000646412673571,8.483096191476063,8.686729175746482
bison,5.188045031595382,6.099763967513012,5.7250577769571445,6.982022311125084,6.521607899973592,6.635791844099922,8.552420016954342,7.505530849525656,0.0,6.341280758275443,12.617532053230436,9.730465993039774,5.197761229389976,9.401220499230721,9.489217666612156,9.833555817126099,8.275488491731744,7.263970848262692,6.186215812960592,8.595236653657967,8.262892345541735,13.317582838852582,6.19035301423676,10.336065090959744,6.669937225240848,5.285515554617333,11.09396317490432,10.49061278231507,7.68265270079971,8.685109227628178,10.146251937558478,5.293326667883005,10.82265771016735,9.375679051374256,6.4698826948897805,6.688496465614377,6.3791314578501,6.326935834502394,7.121933191403563,11.1268864091853,6.549229160402415,5.763587432917998,5.762988438165359,5.908323083869048,8.01567273133442,6.534804098923167,7.613294491425606,8.5688386475909,9.040364832055669,12.106338625854546,5.985629274787679,6.0532571226953245,10.952929164860059,9.374118539714578,5.800969212649181,4.881323511144498,9.018863470415884,7.606830183736505,10.758385939952717,6.409082218514362,7.0622736064747995,9.284138106451083,7.005175482558243,10.487675960579956,7.945921203584172,6.119562224056509,6.905329640404699,10.12566222501289,5.6100401889077425,6.869025435632969,10.740980400496127,7.1294306609895886,6.524275857261185,7.3639082082908605,6.748767134667818,6.627697141249962,6.159020305593244,9.66524291075755,11.375469372421279,8.1833638533923,10.658868338724105,10.443521533366967,6.525681732155817,9.441451098812943,10.350729173434418,5.418407156898805,13.030144082337406,11.132111175441715,7.663614910288889,7.98424055308841,7.364758625047423,9.55967699666725,5.606211679494807,8.886847961075986,9.973813541652897,11.141335118203743,9.047087224246122
boar,7.394262522778566,6.727491365600702,6.593901891066938,6.706922507319793,7.731301347621035,5.831341392185008,9.724183662711152,9.484086003183522,6.341280758275443,0.0,14.297998805453933,10.327198408961024,7.275763307471985,11.115552467586404,10.025416063162522,10.867769931673436,10.046774205322173,8.964699274742895,6.787891669053773,8.530625920193401,10.16315599431721,12.528522071730299,8.181535546741532,11.070714860014625,7.565992907013831,7.216408605877445,12.1496128582525,11.212730198569592,8.2672130740402,9.043091304689968,12.310662926752382,7.081047028317587,11.032310415082433,12.15744695473425,8.378259500075607,9.45090582870247,7.658755506895854,6.802096802286253,7.186331617346051,12.498102936570715,7.201257088733853,7.283775833349422,7.270539411267098,8.435568132005274,7.7928765196820535,8.667661882313627,7.361338610967884,9.971908549830628,9.8357665479523,14.413346821051427,6.438454471258987,7.777706613600321,11.626944922212534,9.991631906589374,6.176717854394237,6.327589825071942,10.66643954510463,7.813668174259001,10.493575848979344,6.907502704627441,6.713826333181018,9.798518966102275,7.190075930726441,9.951474758539744,8.068990837385147,7.822890011354483,8.368205479151909,10.986942457301998,5.866783134373937,7.5273563547524,12.530324013663959,7.671625156114712,6.3334120533905365,8.650483556008133,7.473002911518439,8.651770293224912,7.376170350095112,10.715044699066627,10.933223387849916,8.752844766696379,11.309843619550056,10.482527457541822,6.546366374983725,10.709979774663793,11.465519490650792,5.597949656199951,13.63731473223277,12.500863806720204,8.208909360823412,7.428869220836608,8.417059164551958,11.26737899612632,6.636975935274622,9.670234199660673,10.495712744912066,10.725591474502522,8.16018556382196
bug,10.709474012353608,11.728018695286961,13.183708440740293,10.539602532414046,10.186849797629232,12.080455780376594,8.16993633056046,10.636274678841913,12.617532053230436,14.297998805453933,0.0,11.14200755349079,13.076025230649067,8.3082750736841,9.603560529787684,6.0556366604792675,10.894508525577876,13.7456005419005,14.142050241772138,12.656727729805196,10.338175009329483,14.777372209636804,10.798258105540661,8.108077501377043,9.79842442643212,12.304071016058112,6.917170872168171,7.447151013568714,9.127851580404563,8.690432216869917,7.401856762452885,13.067047588710556,8.732498619469592,7.611929080348559,15.022967973499963,10.584559820598162,10.800887748884387,11.159851559741053,14.665184946971152,5.874759603470807,14.532106193607216,13.495299637316005,10.143627295159321,10.826565253854511,12.608587021224778,11.035137372534866,15.28485831203999,9.891250948891114,9.019577988838618,5.402340700735312,13.698630982470045,12.301999543725872,12.375113961899377,13.21378711588441,14.24645816969489,12.443070781192331,9.64234099757397,10.803740603095404,12.889158069805518,14.851853889180452,12.117712392997035,10.099118058546992,13.1046432070658,10.969443243645367,9.74745487597489,11.743624120266391,10.823114111562473,12.144843325801798,13.888378253431659,14.167040821422676,6.67531620862354,14.676166472111657,11.329034009733476,13.645651617355925,10.913066153811592,11.278848569179006,10.765014570093351,9.667301721466192,13.574672192970679,8.597552100029034,7.881184911438032,11.386036912072099,12.987675915145267,6.397955961832309,12.095095537278244,14.24512106878796,6.279016879362868,7.881123347813097,14.572728859165123,15.192043270919449,10.879644386151542,7.131979996014657,11.01709221928399,9.488855557228433,7.956544021836934,12.33387625170373,15.390697668988965
butterfly,9.882208051454413,9.92484266531747,8.377425466808198,8.27050370992497,7.634514307480976,7.3519273407160615,7.045290179182049,6.500927773048898,9.730465993039774,10.327198408961024,11.14200755349079,0.0,9.430816415591837,11.38043774889942,5.173145373937101,8.734510617095006,12.227105402752793,12.49570046927565,11.178846035038251,6.61059744173746,7.271266296940363,7.824704388015354,6.717231614971283,6.430663806389527,9.084136495694265,9.800082895338308,10.535096769830597,6.789598565820393,8.560777422887371,10.326696690524596,7.924171830737166,10.657106742670226,7.015295666351942,9.662246225646236,11.815449871041189,10.643382306443371,10.305916642976346,8.175167757610854,11.705810160122061,10.098636058442898,10.933871383293223,9.934494076616192,9.535272020315187,9.1531201287434,5.979099034025921,11.329526995469655,11.682281808776724,6.187652601117119,5.938411772012445,10.581913697496978,10.011184306368985,11.189825591444004,5.912505500996643,13.283222511654449,9.944013799066642,9.00136489228032,5.999436781761196,5.305097432363365,5.549731119533623,10.045801532330762,9.067426086541834,5.706224450818114,10.574723986129964,5.971707029206633,8.74856193483567,11.697006472364821,10.599781479145458,14.965535795944616,10.238337074865287,11.945978688364724,7.5980878394400575,10.721451817622686,8.48027819819007,8.780108348674434,9.685088575656957,9.638228823329605,8.394435493130254,5.46723735459934,6.548264239916817,7.71524908470089,7.817144173236737,5.754809289103129,8.095358703815748,8.545017466005243,6.691877823548501,9.947160091729613,11.637364334121376,8.032906300080676,7.988879938764289,8.53799042441477,9.641073036983158,7.836708761767668,9.043230317747563,5.249262951905451,7.017495570031365,5.970776135437281,8.699524556430804
calf1,5.590899152956172,6.31280401735726,6.364897267356275,7.409418607382012,6.37731375302423,7.399656921101659,8.49901694088903,7.341874588585195,5.197761229389976,7.275763307471985,13.076025230649067,9.430816415591837,0.0,9.68962235463215,9.414704534727633,10.373825001813245,8.224949952394292,6.653899924019886,6.015419430459623,8.30924739313542,8.35932748944007,13.718432530525957,5.649320010709164,10.799736882444977,7.060345473481693,5.268523252164051,11.851101005307228,10.764480374664432,7.636702223353823,9.40871020854117,10.235155951645899,5.339275117476158,11.211007018659961,9.323820031713364,5.830863499456602,6.715658983329513,6.85711253364855,6.632653212446447,6.2992584130854645,11.606026373106435,5.574560111341572,5.069599691360613,6.7930980457148085,5.888722069823443,8.024075632884804,6.828434426435687,7.046977257316155,7.907004799092538,9.548937468685569,12.226631525163812,5.392464812367053,6.4887247578022365,10.699408162356256,8.74055844522751,5.079632041295287,5.070397337905582,8.530237345385602,7.507729121813028,10.550777430643759,5.670402674919899,6.98991684762571,9.602357161755707,6.304419362704513,10.692207601298595,8.047575129440753,6.836335140429553,6.380506606335904,10.745325107293931,5.792536334335257,6.747163541963284,10.913386480642691,5.922904780767372,6.550462892296366,6.595153884144858,6.756208071067904,6.807237425547858,6.349794768413581,9.501073557414449,11.492859597436745,8.424302408401136,10.994233295237837,10.460206803546672,6.698425438494983,10.088451512613977,10.100524769425615,5.8104728116588245,13.85170783790408,11.569226757436283,6.847018478246171,7.2162359983203554,7.271253633570791,10.103138859774171,6.262632654541449,8.703855534944907,10.564415890624323,11.448573477500826,8.626456256977631
cardinal,7.576016558641985,8.48893185462955,10.666798286601027,8.616536612190819,8.254432447384117,10.436337805388316,7.572993158114246,9.876750133647803,9.401220499230721,11.115552467586404,8.3082750736841,11.38043774889942,9.68962235463215,0.0,10.242985210905468,7.58272575396515,6.952412564840398,9.029617227621298,9.623804696780509,11.35745707536443,10.117211583293573,15.932200009448238,9.098755250459767,10.381601864912355,7.034348052169996,8.729926223905775,8.22995017441303,9.539460407939321,7.196776080132929,6.730628004065306,8.932873832999064,9.525422766002052,10.339379962700098,7.145550050290227,10.657179577006291,7.732088157707354,7.695793225976248,8.273366294561077,10.38357083867428,7.901286788258765,10.307664903406941,9.101331400427735,8.298677272132908,7.352673499459539,11.765300282129173,6.863209582441513,10.73493091921109,9.547820693658185,9.940757791831349,7.920834284115533,9.962559907018885,8.29450650334997,13.234363067813474,8.191568139867597,10.820635888766475,9.238227477372124,9.933297427627501,9.981334377857785,12.990409542589116,11.048523234305224,9.229636278583843,10.463878782901896,8.980228908184802,11.389563316051328,7.353363128845183,7.724539382229891,7.530959295088691,8.091139138449561,9.839693028483008,9.732130129747226,8.928483571340044,10.356523315117503,9.010109991105647,10.988671301090882,8.1064203825846,9.01170805003703,7.794168356011876,10.381415997728906,13.893026220410933,6.98866571581078,9.923091562224696,11.997417145250918,10.545107585730108,7.56484881225705,11.893545595225794,10.573478532618005,9.221731567782166,9.94018955718024,12.049132924184768,12.494630546991164,8.146660356260366,8.701908700356498,8.004430795001474,9.336696168953543,9.214412221501387,13.575811974803392,13.185584114308677
caterpillar,8.94563460915699,9.531302437215103,8.408287980709343,7.216180731313703,7.183674395440254,6.803158738874784,5.926351179661244,6.69878548144917,9.489217666612156,10.025416063162522,9.603560529787684,5.173145373937101,9.414704534727633,10.242985210905468,0.0,6.94519403294444,11.120597911144847,11.931521530593603,10.915481828976688,6.713142689057999,7.381572028907341,8.063095291099451,6.703713289563242,5.426262985617034,8.037150713503346,9.616505812285093,8.67645047548848,5.533828304642331,7.658006678928601,8.759542284318352,6.625872870067675,10.354461150162889,5.696608455998849,8.776023720921513,11.730279850482951,10.000372926588335,9.892336615329638,7.729357457469096,11.495374804118086,8.545457409913025,10.836867499513666,10.013697908810906,8.789139814170175,9.007566335859574,5.836174233997437,10.591758234144312,11.459957173690595,6.30070680662274,4.708362857738328,9.360217284568687,9.673472396909752,10.745432718398245,6.152973215077627,12.635126461580652,10.001279513155579,8.800464058824941,6.040183746461137,5.3622563407868915,6.130061809631709,10.110950686626774,8.777859107543444,5.136048472278499,10.202719615149345,5.558886874617365,8.061510633336495,11.021292367690327,9.835122325442613,13.755275686401399,10.144696111498376,11.660160002265547,6.340850356184694,10.921445425955552,7.623804234751073,9.743531945379951,8.742448704043523,9.391291302038622,7.743157688919149,5.227436375244938,7.106256061754501,7.102310710254741,6.519835207713343,5.5012622872119366,7.869515437907128,6.876164964692166,6.591128580440723,9.781876238379304,9.839892494990508,7.238617975869405,8.905909121220525,9.042295416423064,9.168896054526384,6.334078270597591,8.45613766805072,5.225619153031319,5.578549138571787,5.954152502255322,9.331626898596436
catfish,8.166560415270391,9.07631586907325,10.033073532284627,7.075748829535283,7.228828600239582,8.543025226284778,5.775256850433313,8.38054866912607,9.833555817126099,10.867769931673436,6.0556366604792675,8.734510617095006,10.373825001813245,7.58272575396515,6.94519403294444,0.0,9.24663681022517,11.254658032876305,11.130144024726066,9.754556162420913,8.523775375731216,12.014682666219391,8.442104720919287,6.008562750603356,7.365927597285912,9.596749090639358,5.726643861918919,5.65433498988667,6.628004961153674,6.7494397580578305,6.8039708824122584,10.370802276966518,6.37174961409999,7.281362160572304,12.447141364251332,8.719060555952995,8.280003635740089,8.340904328614752,11.731895435544418,5.497949512133518,11.55606372502494,10.77205228000721,7.481316941958783,8.829094882599808,9.312079880757324,8.915696917018593,12.068233125231885,8.09086954075467,6.319305547933903,6.553003595693871,10.533828819901576,9.914066294298822,10.082835383611208,11.385115179032418,11.30978832485822,9.373932590844293,8.10265335317016,7.6335044810543415,9.869427901872275,11.662368245563307,8.979931194596343,7.226392536265947,10.096656120914648,7.945373201341839,7.453983260258743,9.404322292600824,8.4895103903488,10.76176038293142,11.053038213822528,11.280133539369432,6.106093760226597,11.797723009760722,8.052472896350087,10.95420791844786,7.970415113696637,8.93447428747207,8.087598730759373,7.4003225174914595,10.712492829159508,6.145801034214819,5.892570839459464,8.909578797649349,9.578705359429284,4.488914045748624,9.946300037779125,11.055124618670286,6.1036746983772066,6.972756424759749,11.455340261233932,12.008561074684073,8.918786425382846,5.466551414271256,8.03678572727556,7.019954388165744,5.873092748796825,9.636411223690825,12.231879493541369
chick,6.310097489387586,7.429046943762419,10.058589915265745,8.132937139301998,7.908922536045289,10.048198250113403,8.370055080614035,10.755673083646828,8.275488491731744,10.046774205322173,10.894508525577876,12.227105402752793,8.224949952394292,6.952412564840398,11.120597911144847,9.24663681022517,0.0,6.0882222163480195,7.769393646453953,10.699853474138342,11.217090743837334,16.518138345604953,9.28226776996312,11.935610962271193,7.3422772351670105,7.8410482651100555,10.074447278234318,11.272012240844719,7.669478952903525,7.229387712292316,10.506957177164415,8.069950081909868,11.273141759756227,9.028670148171287,8.095252594736742,7.655036128146019,7.4755224383074035,8.662702045491173,8.48722008896884,10.266699411049071,8.065923734653555,8.38491969543192,7.678023194382815,7.519350815324632,11.532159649376093,6.244780444014434,8.795509385368558,10.025293336726934,10.890663251289643,10.81269261793437,7.8255830363755585,7.329409277251875,13.473322804906408,7.002243073318986,8.884779648249209,8.336941669551221,11.036374019168282,10.111559294787552,13.625924513356896,9.219810722451454,8.472390253744074,10.947260667360853,7.4074241673291885,12.431780234340133,7.857430861452837,5.954211943079271,5.6452386020212035,6.868542229781913,8.147150226890071,7.378470461764022,10.9259411845385,8.807054696035939,7.639613885894029,11.004649863867249,6.193914662945156,8.929853407350706,7.560913341223829,11.047431510694208,14.164268716057268,8.469752258954731,10.880143758877198,12.23038427320859,9.401854559432387,9.0164833795895,13.036236681901967,8.845060711043173,11.104987771294915,12.117152862927627,11.163168080871216,11.576365770315142,7.363612105664918,9.889565120435206,7.2431297625331,10.238664508442925,10.75258705934985,14.231453831596289,13.17517760040017
chihuahua,6.297608176576522,7.1798243479862665,8.773667991664452,8.35683149261115,7.858916380607811,9.765977471778504,9.747600641622316,10.462942871625236,7.263970848262692,8.964699274742895,13.7456005419005,12.49570046927565,6.653899924019886,9.029617227621298,11.931521530593603,11.254658032876305,6.0882222163480195,0.0,5.522667524342473,10.557493050319504,11.29839271734423,16.627856042372656,9.027387772746785,13.21452947167958,8.09676306326159,6.720450955304,12.446083371595039,12.768434367739932,8.468214968246606,9.46551373862943,12.1276371967172,7.024096588138874,12.956357652060378,10.392569537508535,5.419974212884806,7.670677845792537,7.712936688664341,8.376461499079856,6.2923901684064205,12.674188550302203,5.7017936790524955,6.3817008446798695,8.147332154698537,7.198558086887397,11.255841682795456,6.369106952252168,6.277638219472322,10.489991839268106,11.933279397690717,13.171766029571264,6.235040983023175,6.549078678617464,13.833776782783309,6.383831208353582,7.032050351765672,7.138677442881411,11.314413135139764,10.066743446944525,13.711391218764133,6.998813701199142,7.870658058079876,11.727489771207402,6.193634146345508,13.018871318046283,8.814627103317692,5.853282078084465,5.718613436673164,8.715871413945068,6.527655879647367,5.136864669348629,12.691608932498681,6.063671649475445,7.6169036999815765,9.520998726951142,6.781233989994322,8.880497089855414,7.754206963224911,11.869288440024317,14.199862106948846,9.677409865710485,12.705740359981945,12.91783872929638,8.420078945669381,11.10734987049935,12.899893566589586,7.167120475144563,14.049617457321139,13.64951786041292,9.56037284862968,9.977588460248132,7.996197208183129,11.558860493185865,7.341941583817143,10.927892200414924,12.2914141574117,14.568147950388022,11.791715951469401
chipmunk,6.2870576579444055,6.677756247705984,7.17950661812141,7.19026610188863,7.171885889723264,7.708805779293325,9.694631700737693,9.278174945110731,6.186215812960592,6.787891669053773,14.142050241772138,11.178846035038251,6.015419430459623,9.623804696780509,10.915481828976688,11.130144024726066,7.769393646453953,5.522667524342473,0.0,9.326858121351018,10.429101295440288,14.799624606722585,8.141077455164035,12.191315748895693,7.552732449360385,6.1259651981081,12.577405528899808,12.126205606818846,7.951635952195318,9.5922067144975,12.25235814896986,6.722586301717713,12.373219364748895,10.810881517247138,5.589481303771767,7.779265875627938,7.163360211748061,7.228577173265913,5.409197014653575,12.829500548969133,5.04650708435304,5.143835848885611,7.607096681366975,6.920887681772556,9.362441600772348,7.121024377502971,5.167616027534162,10.022147006259914,10.970669047870674,13.769578663920107,5.38067398106586,6.2092821615445475,12.825690081161405,7.106091970779321,5.697660886856339,5.867700914296514,10.602880124299405,8.704145111899113,12.034803889557875,5.6780372348371415,6.3690370318363065,10.746314278231834,6.0854484958903345,11.50230861671639,8.321604444976215,6.386522871511155,6.258449356413793,9.884978414998807,5.60244823827474,5.179785413111847,12.640787649724933,5.398788081341412,6.851138588404207,8.443177746945587,6.604580524019707,8.423941691921979,7.273048150776673,11.236532283019256,12.754655797999472,8.998800770829341,12.423482374484138,11.793857416904583,6.736818150249596,11.02577360473565,11.6917454036657,5.575478307898739,14.396761163578901,13.093969907326475,7.778588579520484,7.9371114618354595,8.071088391403638,11.369537349291422,6.74408530083946,10.023745849883692,11.555469146975309,12.915009160633138,9.80779226669315
cobra,8.69243333895671,8.750953562388034,7.56176374705848,7.0944844228529425,7.014058594676262,6.75393592328271,7.89426649328004,8.054481334132063,8.595236653657967,8.530625920193401,12.656727729805196,6.61059744173746,8.30924739313542,11.35745707536443,6.713142689057999,9.754556162420913,10.699853474138342,10.557493050319504,9.326858121351018,0.0,9.247940849573984,8.779658895196302,7.240387008522938,8.568215053425913,7.868090203548434,8.875836461552911,10.858690585335872,8.441817910473876,8.104935168456922,9.208095201255773,9.889217615403894,9.021883677634763,7.754984586355501,11.316051723071979,9.9096156350346,10.669641330548044,9.655419234694662,7.702768795959682,9.471621720809946,11.370558834491167,9.018106507918565,8.509394123353173,8.968868917909456,8.684902667433528,5.658821509091646,10.406768834679633,9.17218346599901,7.585002329953856,7.278942080672776,12.335171165882725,7.959572791732567,10.185239100732632,7.196769305427023,11.148529284886312,8.071601776048386,7.926069316085157,8.090196782224286,5.543514538252763,6.740134863911975,8.457407853848887,7.664135590023152,6.228954631202981,8.585084274349063,6.710479425896093,7.53157312789026,10.334602401831555,9.339601716446955,13.21838111803428,8.02098629610897,9.967666465069609,9.48777695473965,8.969379624264743,6.8531902093230785,9.516208118620584,8.077324676177417,9.783457119250047,7.731065445596229,7.153712982827156,7.327550813873892,7.563810253379734,9.207253197480998,6.306430598222806,6.190009121193702,9.336764548980765,7.6543284923147015,8.295700476728152,12.401149369402924,9.968946454157114,7.193996508697782,6.7540002813546165,8.460398230466433,9.23490436569694,7.51314969854222,6.903275819980968,7.987038449727019,7.347918425332398,7.974320669551474
cockroach,8.27425483655792,8.711712886548304,7.690280650132258,8.4785904220968,7.687205567064274,7.609399467907994,7.860968467048541,5.078149993615749,8.262892345541735,10.16315599431721,10.338175009329483,7.271266296940363,8.35932748944007,10.117211583293573,7.381572028907341,8.523775375731216,11.217090743837334,11.29839271734423,10.429101295440288,9.247940849573984,0.0,11.605582393366996,5.775154193708803,7.743867302517794,7.954149865096486,8.444834346444543,10.036225145815127,7.527960963733513,8.111754812042584,9.853844740230313,6.871792774338054,9.087819939626039,9.237358406112044,7.369458979053112,10.958763414363853,7.670341908252812,8.639725276742933,7.017307924293915,10.758430670821937,9.190623797732533,10.39282686625601,9.019942118225416,7.712574758112935,7.445603217061623,7.803998232856382,9.335139574511329,11.847972834878076,6.748778558702633,7.189380448858959,9.48313623946354,9.484356817692346,9.167736279205881,8.557024631872421,12.70770054101392,9.273168331048016,7.9976616306523285,5.600088891601906,7.350155660633934,9.120967250853955,9.822740641559117,9.535921424274392,8.259415329470187,10.4332108466605,8.79119144121548,9.23125903560902,10.068125938080561,9.632710605628457,13.520333298115059,9.713409633448114,11.210810522573428,7.5626319331801035,10.344480711733075,8.858390746835088,7.644066746651998,9.76617093730906,7.418174534541437,7.624347579880024,7.62243852436334,9.355540411479545,8.060553410484015,8.393664418473119,9.021915209237884,8.923310655680254,8.245200132954944,7.6414446476165585,9.50861789179763,11.65757029600051,7.423739454754325,9.275919671474503,10.159873192585318,9.073010967180293,7.538163379329691,8.59480601581058,7.2560637686940535,8.137846495404212,9.11094592528438,9.533223009438482
coral,13.951410527895051,13.837802057152077,11.459272534060883,11.134003774214124,11.52943742459086,9.654516511627923,10.959766850841167,10.866063389841017,13.317582838852582,12.528522071730299,14.777372209636804,7.824704388015354,13.718432530525957,15.932200009448238,8.063095291099451,12.014682666219391,16.518138345604953,16.627856042372656,14.799624606722585,8.779658895196302,11.605582393366996,0.0,11.122450916032928,8.577897742108279,12.811679830505469,13.930045131289987,13.447731283230642,9.831305198150389,12.683449857992567,13.603659624236116,12.077683614796623,14.39585677050215,8.934462225853254,14.640444991954851,15.710865390920844,15.276857449885345,14.217843915718435,11.98179490235405,15.20437462777653,13.640059907965869,14.77711479067008,14.063520673493905,13.210006204174666,14.053202707133208,7.737679146851701,15.646313650333447,14.63849849558821,10.77680365153072,8.680688738318128,14.868077423809305,13.449155858501383,15.383095347972958,7.183562345545212,17.276191796561495,13.451782869690437,12.681424770442147,10.527964813730582,8.76148830609419,6.292693202360314,13.399902441490685,12.281147566782257,7.755156746251552,14.254287671933103,6.832983886832096,12.355153502937782,15.663175561985112,14.88517461529568,18.70524654659348,13.619107387424679,15.667116510272374,11.283242033787,14.497585922203438,11.770699879467902,13.06545781868039,13.393631782267377,13.910247024475098,12.565061244223326,8.560555524113793,6.940137249553382,11.23946234323336,10.63695636855821,6.9034876977638895,10.432809391030016,11.777719293595489,9.0770058068886,13.27620895994452,14.294472669361296,11.287998817791882,11.048862843412069,10.765927381710139,13.803361974528388,11.456063572325906,12.504903706694027,9.202129483010712,9.622320023877915,5.724850403423281,10.647209608917217
