,aardvark,alpaca,anteater,badger,bat1,beaver,bee,beetle,bison,boar,bug,butterfly,calf1,cardinal,caterpillar,catfish,chick,chihuahua,chipmunk,cobra,cockroach,coral,cow,crab,crow,deer,dolphin,dragonfly,duck,eagle,earwig,elephant,fish,fly,fox,gazelle,goat,goose,gorilla,grasshopper,guinea_pig,hawk,hippopotamus,hummingbird,iguana,kangaroo,koala,ladybug,leech,lightning_bug,lion,llama,maggot,meerkat,mongoose,moose,mosquito,moth,mussel,orangutan,otter,oyster,panther,peacock,penguin,pig,piglet,polar_bear,poodle,possum,praying_mantis,pug,rabbit,racehorse,rat,reindeer,rooster,scallop,sea_urchin,seahorse,shark,shrimp,sloth,snail,spider,squirrel,stingray,swordfish,tarantula,tiger,toucan,turtle,walrus,wasp,whale,worm,zebra
aardvark,5.551115123125783e-16,0.10672138019578603,0.14791028968107733,0.23881129851069127,0.1602805553713723,0.2505915585764982,0.3488100819879898,0.20199566601263064,0.07623149632426374,0.1920088674037146,0.5237300209874871,0.5420437922491066,0.11435723308332046,0.32574823140362097,0.49215033703188293,0.2980807868248023,0.1850508286457856,0.1053608509272893,0.1116115313930307,0.7688473744749903,0.21820861226478439,1.323999588935171,0.1651426850384624,0.4218847363021949,0.17724841060665586,0.11663523740537507,0.3552226986888891,0.5399152119962459,0.19143848622136272,0.3042124988471824,0.2592291566717293,0.11358812166772192,0.944844649781307,0.20813309997700224,0.11576064256903473,0.08555969480584535,0.131223771264819,0.15548195695501588,0.13380026760814367,0.3593204853221621,0.16581658617586492,0.14433433245627436,0.09754009523091067,0.11681626219233476,0.3891742791417707,0.11992088255315791,0.2537979525558882,0.2616488989895538,0.2796660227079123,0.3690168675606831,0.1695638170911674,0.10766200380981794,0.5857216103398344,0.23977851669639838,0.1230819249038434,0.15793824374464416,0.3534277478740411,0.3520066816144656,0.858175031368853,0.1945712184780577,0.30255889833102767,0.5455156083426824,0.17992325722730496,1.0139606340078615,0.34904139416056534,0.0962690729891893,0.11292927738084957,0.1542792825143069,0.14266757664449503,0.15421707426665765,0.41305252914265966,0.1475115444512497,0.31732348295898705,0.16938008270513571,0.2683170104910759,0.18785082243896112,0.15471726064275781,0.3173360009332332,0.9569527108642595,0.37122142328375607,0.31189372268046966,0.8438648720444544,0.38547903956508445,0.2902170751741018,0.5656154540728947,0.18268228694962174,0.660020545634399,0.3430706747810225,0.3082703610698604,0.49334094448450705,0.20642015601872243,0.265571721043796,0.17316096421162708,0.4233662954873594,0.4897112654672988,0.7749864366278612,0.4172632220629128
alpaca,0.10672138019578603,2.220446049250313e-16,0.20788382105571368,0.2767323191539419,0.17940297599997268,0.21408850300272264,0.3827086481587091,0.20622380584022437,0.08155884615912135,0.1645005780914206,0.6105065665913931,0.4703371204676172,0.13571238523650286,0.38904936201288953,0.4821732235805899,0.3486443281408703,0.2080885818382111,0.12792263315304042,0.12902976650121034,0.7515659203293937,0.23332973566411164,1.272393629788327,0.18168988053670831,0.4950599837466243,0.21495505846571183,0.12552827139686584,0.41663791106972936,0.6001881594787302,0.19942443654022746,0.34032771417022134,0.30933209680798635,0.14481766346583858,0.8373807137589557,0.273662718827676,0.12652766737358534,0.13719364502410647,0.12413902471460725,0.15207072112486053,0.1569215143336281,0.3783310612439459,0.17532851965153362,0.1635735908580188,0.10307245410432841,0.16591881266526143,0.34197257222015554,0.1487451006589824,0.24949531283603787,0.3030858723187574,0.338837735957913,0.4784579489536078,0.15744568862480324,0.0792999191917858,0.6280207881997981,0.297570615027846,0.13233885818176216,0.12938101626363308,0.3575149257320469,0.31465042897764584,0.8348950879185971,0.19892970426855483,0.26494135305644584,0.5872392586817072,0.17337271843752866,1.0072538592555906,0.35833880593442224,0.07854861550369852,0.14111029620637894,0.1840570188569436,0.1582437301559121,0.1524444381909308,0.49391737413239045,0.15837116089283454,0.24050031256446724,0.14469186334376394,0.21503200230984976,0.15008286163124174,0.11923368112089794,0.39556847248758453,0.8538972273640449,0.39877051604208613,0.35741823820297214,0.7839050841914394,0.33712330113631384,0.4053534902843158,0.6051728063339602,0.16548209893018417,0.6659950653312865,0.42710680926417666,0.30925408198112114,0.41478405440983146,0.24245109668114762,0.27493522551589433,0.17725213888985492,0.42062074954453066,0.5471323213178292,0.7573895123270551,0.3773629586109035
anteater,0.14791028968107733,0.20788382105571368,3.3306690738754696e-16,0.34426776926878044,0.22430626162691125,0.2315849334506217,0.4205900010762238,0.16436072786329614,0.14276362537837084,0.21713415818182158,0.7398722245982641,0.44357338557042225,0.1276639011704822,0.5293521206434788,0.43361403964295575,0.4920949209445301,0.3679056823554152,0.1664684396563325,0.1571559519187301,0.6463452486239236,0.16132819254893238,1.1255040203346929,0.1341072136467517,0.46286568325333377,0.21430968689749774,0.1672319653940696,0.46145556481604244,0.5338151372745035,0.2409952121472575,0.4342436666579593,0.2892827740551077,0.12006979889827996,0.9451493072074388,0.2856917443835214,0.12672702593215324,0.17343291025791374,0.20976233269869937,0.15404776570238143,0.11606616863452468,0.44360609354077674,0.1477850645080011,0.15297115590266752,0.14308945323053912,0.17626730009989833,0.29653778516367235,0.19324606275854705,0.24654923384790195,0.3161317867111243,0.2592433018309489,0.5200473700584775,0.14448398004319285,0.17018317057129928,0.42813678017286727,0.41238471687991163,0.12014062153622096,0.15524081585619331,0.3114387564121305,0.37107235674397576,0.6707469107870387,0.17684834990371578,0.34004363833238904,0.49712862521674994,0.18723657897822954,0.8342499595052958,0.43902360442499366,0.18536814093486653,0.2256065474963863,0.3305091149824241,0.1218692171743293,0.19384367248941958,0.5185649747819352,0.1573767881948066,0.3208413082418804,0.15976785055528908,0.3548071758751271,0.1917100261396254,0.2255282838263315,0.34074267509652323,0.7224199317629345,0.4876859639557589,0.4158411225906413,0.7510669390831058,0.3141668109761624,0.48346142564805494,0.3915706066359639,0.16335920639883117,0.8980165068763846,0.3710864712026788,0.2316834718277586,0.41628419871209155,0.21556671599372967,0.41502591432068325,0.2286329472276799,0.4695706662320147,0.5125319491379041,0.620649996317937,0.3198735000582035
badger,0.23881129851069127,0.2767323191539419,0.34426776926878044,0.0,0.27676198156019394,0.3565939140754413,0.4408336780033292,0.42033612697860434,0.24245922453471258,0.2677646523260079,0.5624674249277168,0.6619233985853272,0.31925649367770537,0.39744585278450506,0.5603386996844817,0.3599089681805623,0.25336120811168816,0.2610041399369004,0.22905075836761468,0.8595719336384812,0.4166605591612935,1.2983264561857362,0.39275033026778583,0.5063617137389607,0.32919658549486785,0.3530380175035486,0.5400505460548213,0.7506675984303685,0.31128645703535673,0.29197298411864736,0.40516704565349826,0.3445852670997951,0.906001917222891,0.3447843495490215,0.31454854740079075,0.2918528969960622,0.31467961276082335,0.325638444837945,0.2970164994088135,0.5552512621132564,0.3033081300031827,0.32575307707490675,0.3058746045375794,0.2873530623122198,0.5117024032337405,0.2862035700753517,0.31640487159602626,0.4328811499749997,0.39610007229881616,0.48656632146658874,0.32926370370909264,0.2920767621090895,0.8294054325815229,0.2887786391248467,0.3287139202445625,0.33445218578054337,0.53056898570889,0.4253144785370536,0.9818059176569761,0.32901113846514884,0.34104576551314236,0.7139748435277645,0.26025684912178626,1.003688416299936,0.37845073755836034,0.25928222031881987,0.22207394458012664,0.2571641343356138,0.2814211555333319,0.21781844773367165,0.5973436839950054,0.28808278816494404,0.35192339653376514,0.40582015736228905,0.25673224283791096,0.39083589449185974,0.27496799383111914,0.5455280972529788,0.9323897283183986,0.49229599658123924,0.44853492631892133,0.9550966694410078,0.47826306451706624,0.4331372180580303,0.809086816704739,0.2979871636124205,0.5943893008711489,0.5385642301959566,0.4873235058955764,0.6034570604045244,0.38432163833575106,0.3345443214877041,0.29074000675565215,0.5303474515003743,0.4994562241021513,0.8750131313966044,0.6141080625324145
bat1,0.1602805553713723,0.17940297599997268,0.22430626162691125,0.27676198156019394,-2.220446049250313e-16,0.31126781484606025,0.33105909926596533,0.19095156595128537,0.1479524963391844,0.2631837310627628,0.5612415460578422,0.403471550033243,0.1669123771034069,0.4212427448192836,0.4576450924286224,0.3656246715807747,0.3101006627167081,0.172321900294379,0.17676823556857169,0.7163258234375676,0.23481042319909007,1.233667195515797,0.20935155551569162,0.5095942664744636,0.24519518933633166,0.19230152540036705,0.5149205372743275,0.5114591288965857,0.23128713680932245,0.3898936144991093,0.330070847650367,0.17552236429234336,0.8175810710326872,0.25456896804613116,0.15662696608979532,0.20761976194149456,0.20674772531625374,0.20643506593070005,0.18664319950691366,0.40995561232865685,0.17246615598965964,0.1398589967871373,0.15532138226756498,0.15924330549652,0.35498262306034545,0.1799629105103796,0.2640613670021429,0.2400019045025752,0.36618449875606796,0.4422891806231183,0.21004566386212342,0.19734432493648357,0.6054902683410919,0.27856186024266283,0.19286356046626463,0.19654400067241118,0.2941717023753938,0.3030337004725918,0.7682097243833053,0.21217113328243242,0.3090197095269783,0.5278334832200522,0.21161090160084195,0.9275064748980869,0.34276433379213045,0.16291074442733933,0.16855315920804315,0.2768570783337787,0.20265018220504905,0.18611065042544594,0.4278832812609972,0.1764154237780411,0.3155894253795345,0.21051880728066075,0.2488917231163854,0.23273930164280243,0.22218671081608965,0.4204072729334969,0.8100523614208202,0.4124949710802168,0.4447952849445671,0.7833810755001743,0.3598221588478945,0.42131637233394925,0.4881456153047057,0.20678683795670538,0.7609997902184019,0.38713547676015037,0.28814920029870494,0.38714675853270764,0.24602269540298027,0.2650701635165008,0.24166100867279672,0.3744313937635926,0.5268397784272456,0.6922663851123525,0.4052332357621691
beaver,0.2505915585764982,0.21408850300272264,0.2315849334506217,0.3565939140754413,0.31126781484606025,2.220446049250313e-16,0.56106863744762,0.2859100801711947,0.1867870103044409,0.19420474886850625,0.8254926494173368,0.4616133543087212,0.2194388746400029,0.6366851622822391,0.3813193907166532,0.5188806668629589,0.41003651892591586,0.267352979607939,0.1894852374449949,0.631172222418025,0.28706838328681017,0.9785163901139021,0.29434392624452643,0.5232540117659192,0.33092891011236825,0.28485217717407196,0.6024331820935532,0.6014168489664036,0.3701920882634123,0.5064927439160867,0.45178606873574956,0.2497410386287937,0.8425031090936819,0.44607099952701956,0.23135117551018125,0.3310120993345913,0.3031582381426021,0.22494776835739816,0.19195380435640785,0.5479833935593752,0.18052584156641727,0.24090251541831653,0.24022098631197286,0.3064739158910932,0.2902191389902061,0.3029171970953406,0.25995939372008914,0.4581667161814509,0.3705279571634502,0.7202605750445521,0.2035080722201228,0.23428533936931517,0.6007662034895747,0.5141287771443062,0.20587892236701155,0.21484866262195224,0.4358710290953939,0.3008422165394191,0.6523634058871108,0.20851595954570623,0.2707453973031919,0.606299874059832,0.21521474795336415,0.8671408329881352,0.5901685336883766,0.26186141360005244,0.31149011301914364,0.4265248439115569,0.2180070739410651,0.18380312013307476,0.7275136769586366,0.24209138212351355,0.2563166114126313,0.2509570864891736,0.33124254487674853,0.30649117594278197,0.2398967102306847,0.48855749620255184,0.5842062358441871,0.6113869908792864,0.4556615446903546,0.8219226031255242,0.27315768839556953,0.6017261532006213,0.537005617037492,0.181392427673693,0.8693714753232809,0.5939925466969485,0.29361740548660076,0.33127401860591377,0.397613527773232,0.4566187870435944,0.19703402355629984,0.5704611552119222,0.615211171057616,0.6118526156706103,0.31609985231763926
bee,0.3488100819879898,0.3827086481587091,0.4205900010762238,0.4408336780033292,0.33105909926596533,0.56106863744762,0.0,0.3195197296083232,0.3597444016502148,0.5145457228975949,0.3850460158871346,0.5075892465672481,0.3496618353012175,0.28391760723014636,0.531364660009566,0.34146615200147235,0.2778915151058061,0.29051343744996494,0.3633858683181894,1.0088298408084446,0.3686787565607603,1.3706724471961922,0.2928333035234233,0.38602410360893213,0.3952111080716406,0.32255575266846204,0.42428344427960585,0.551540867638327,0.3565087476091354,0.3837618874680512,0.23521196013770906,0.3966484255030581,0.9619705796022866,0.2025488282415835,0.3185988796706797,0.28788986036842545,0.37675594739854534,0.3636695154913444,0.447792451766725,0.31267082334025764,0.4224911996672708,0.3606957470762693,0.36336662229807415,0.2894305511443255,0.6447264439284881,0.24982896995282267,0.5020771110691613,0.18863077580248833,0.48221255048865075,0.3035477709112243,0.3879020405159944,0.3732546029856789,0.6589427655640231,0.3509638748314353,0.40156666373646177,0.38958259582832466,0.32158285722750013,0.5119850309508464,0.904927978946287,0.4529175483511273,0.4897284054846639,0.5341686809095938,0.42645689200124015,1.0597317812906628,0.3655761912332959,0.32958631472064603,0.33525915123968275,0.3952910924584697,0.3969716443668637,0.4525503140785704,0.34404025820645856,0.3492317378901576,0.5775535254928761,0.3466329004061307,0.410435150332901,0.3635891042173378,0.40022435724474736,0.3449474152436016,1.1361089875248958,0.4458218425814592,0.3641847531112078,0.7541466981547124,0.6473924115574936,0.3645171460118538,0.7044409560540363,0.45585934214753243,0.5929679984350987,0.4283878335808894,0.43176616001113455,0.7060842601661252,0.32314023935648073,0.33486320412171466,0.4544321560892429,0.24070025884334434,0.5587188703887292,0.8828110324025367,0.6859331248553963
beetle,0.20199566601263064,0.20622380584022437,0.16436072786329614,0.42033612697860434,0.19095156595128537,0.2859100801711947,0.3195197296083232,1.1102230246251565e-16,0.17743614974174193,0.29103742373102015,0.5493766264858518,0.319563659428691,0.149563416273516,0.4073813054472908,0.37592345535737437,0.3888635317770798,0.35523699533659214,0.214319010228899,0.2002300086898645,0.7440154238722245,0.08136307244856755,1.20954305210366,0.10647440549148035,0.4125292343944217,0.1997205325617033,0.1564639229613991,0.4132153866120324,0.39847236813805975,0.19990158719182238,0.40803853067555984,0.19360982677474758,0.15336319889802652,0.8902795239725942,0.18039746509933996,0.16353467940086097,0.15856610653140246,0.2189968262922436,0.1444746447380827,0.18461553346317972,0.2949447690643703,0.19320401275429688,0.12120129338396679,0.13188721669701142,0.12812789043866157,0.298865956579923,0.17754601480178367,0.33993299833781243,0.17412809291263387,0.3264752013657112,0.4010712787460864,0.18276197135405237,0.17810949320857516,0.4602272826562299,0.3880292945562063,0.15305581547244396,0.15370453653329819,0.15584803205846143,0.32489662997901925,0.6642171286251541,0.20859083650970822,0.36415348365058053,0.45161001370487597,0.22158528405059175,0.9102579838851875,0.3932997939487728,0.19773190392203743,0.2441677180579247,0.3747560910095381,0.1743196991481628,0.26122397662949715,0.3309878496795574,0.16741089879139792,0.43840606532661,0.10903198258770064,0.40518213857912355,0.15837213387286353,0.24264285213143888,0.3255696056498316,0.7737733805567435,0.39173301397654614,0.33346986878589435,0.7688325193091292,0.41216853642302365,0.41308296332350114,0.32987531169732565,0.22241028507803784,0.7888339694570249,0.25757477074739354,0.2149595560707609,0.4269975239159568,0.16498351212371387,0.31132746172050363,0.24283892732992118,0.3078421362568674,0.520532871008839,0.6407149798019157,0.3202996225628555
bison,0.07623149632426374,0.08155884615912135,0.14276362537837084,0.24245922453471258,0.1479524963391844,0.1867870103044409,0.3597444016502148,0.17743614974174193,2.220446049250313e-16,0.12612475288551295,0.5958377938682861,0.44404072410910855,0.10021243665338087,0.3986556012246858,0.44254101382748423,0.3716029456009293,0.22569241132508733,0.10240869720044632,0.09340173341881397,0.711309250099627,0.19629354033708435,1.2033071693543302,0.14373201415448777,0.46507924876181106,0.1704128361120838,0.12360587111477261,0.42963863152035275,0.5584010324772932,0.19967516398327656,0.3257009504995174,0.29222552485916986,0.10446937793974764,0.8917480602329914,0.2465717367532424,0.0898339404364239,0.12341487795562234,0.12948890917009037,0.1402808823145808,0.12471287980329027,0.39737232350666807,0.12623704886344056,0.1141750442334919,0.08248854051300591,0.12127716508863029,0.2965798812681898,0.11294318671400683,0.22699094664946762,0.2675109074229144,0.30104607602625044,0.4674192780638965,0.12550426022002648,0.10574897483746237,0.5775700837246882,0.2809286104556916,0.11657313000264424,0.10673471841215587,0.34433737443487644,0.26646727672270987,0.7839772100215615,0.1606300573928341,0.24891661596836268,0.5505816722765493,0.15274983626126548,0.9649450644445545,0.3424979559932655,0.07474883489803019,0.1257632683514457,0.20303661443318943,0.09621257772599312,0.1085139047418805,0.46881105681798985,0.12568821904363792,0.26139992134777046,0.13653473575432362,0.22350866824447235,0.17142148111387978,0.1251763299489841,0.35290781023111795,0.8322171473498181,0.41839026341160823,0.3725042878031334,0.7919589022783451,0.31165533833868797,0.39677829041025336,0.5506907924349562,0.11739293350018243,0.7419530740048915,0.4010025372669236,0.2537923756940733,0.38608568434230783,0.23848299985885335,0.2924054100214927,0.1131863263630547,0.39598331416348653,0.4987528117507952,0.6940581903836511,0.37354113612725937
boar,0.1920088674037146,0.1645005780914206,0.21713415818182158,0.2677646523260079,0.2631837310627628,0.19420474886850625,0.5145457228975949,0.29103742373102015,0.12612475288551295,-4.440892098500626e-16,0.7397644939264858,0.5352685434299345,0.17887054083203568,0.5442466217318271,0.4903931367341383,0.5072927082259531,0.35681213430451497,0.23471037167955522,0.16126225617131706,0.7062189163489286,0.31921020874316275,1.0604141102043243,0.25272954869627795,0.5378330742733084,0.2689096062620365,0.22705981825464505,0.5763865392645684,0.7087024528426202,0.3139721823985945,0.39490515434312323,0.44273267583417764,0.21262325179458508,0.9134119412955146,0.40783905866334624,0.19503224155009535,0.26395013939509193,0.22990866774645902,0.2277294042090826,0.19353567437920416,0.5800204223396166,0.2075455646871096,0.2176048540505392,0.19340048842405666,0.27756215854941135,0.2938045201918805,0.24591616975790653,0.25167090412885273,0.459842874349202,0.4025029014888373,0.6816200712702958,0.220745084761233,0.18080335227258248,0.6789408780938156,0.38462431302443,0.17736396335369053,0.1660757231913048,0.4477767034718724,0.2880798898060313,0.7968972709085791,0.22198728826510383,0.27214267533795733,0.6629547689991384,0.20819916675168326,0.8758839560006813,0.4144439200947946,0.18139110455733076,0.22935901248175972,0.2915580063257016,0.1648517990142072,0.17911922989368523,0.6855491961925305,0.20057214712885552,0.23084603139935123,0.2515446864188027,0.2790102046648849,0.2511032301225832,0.21423817029647274,0.5456745617577334,0.7681187986597999,0.5534129718009532,0.5041894884483772,0.8021545850422566,0.3078880065870808,0.5820054830178122,0.6141281029988994,0.13748207142893742,0.8451246469437786,0.5774614342718158,0.3190863450128967,0.3515428063065369,0.3808904285891578,0.4363839001507883,0.19071526465479027,0.5417481324305793,0.5455755219871067,0.6439048767738662,0.34067044203849706
bug,0.5237300209874871,0.6105065665913931,0.7398722245982641,0.5624674249277168,0.5612415460578422,0.8254926494173368,0.3850460158871346,0.5493766264858518,0.5958377938682861,0.7397644939264858,-4.440892098500626e-16,0.8786754077702132,0.700197495430497,0.17922702738850405,0.7967613482932081,0.2589235153668171,0.4306200527657812,0.5772992366170488,0.630738663814521,1.3840279367757566,0.5624893582042918,1.5986116160036947,0.6178824180912232,0.43590141286445405,0.48185787899054366,0.6148082127841332,0.4039305700596343,0.6168093190632044,0.44903823849470825,0.368667269453271,0.38457889452083827,0.6912170862333358,1.0225000282991168,0.26950581462202083,0.683346603855073,0.4224612343729559,0.5707140257418966,0.5741000704183035,0.7587763950143127,0.36112937447325166,0.7552722701273841,0.6125211014678263,0.5635465490009374,0.436401529928636,1.0297012690279634,0.482249256181542,0.9020768627451302,0.3891866591807185,0.7087375033315226,0.19357224676471552,0.7631640202442049,0.5659015900918807,1.0941998798915331,0.37779782188582955,0.7353382835509489,0.759136415142926,0.5650731690856452,0.7609317520396816,1.3575468514558797,0.8500187947595352,0.7743920925085528,0.9497452505859119,0.721236417197227,1.312123043499387,0.531973573216837,0.5673280537005185,0.5042953750805848,0.45223143474764094,0.6986975908311459,0.7196999405373903,0.31549960417239764,0.6988577278296131,0.9907869479431081,0.6483784824227823,0.7321052338721998,0.6410172937228076,0.61662717627607,0.6344650205808624,1.3597354283025491,0.4028357096176759,0.4550454657492433,1.2235902330934283,1.0738620185929415,0.22866950203138103,0.9624198917727298,0.81595862996655,0.3205192913988596,0.3825231132599458,0.8892579551150214,1.1386307910291467,0.5350965525315288,0.37237096650051393,0.689086105325778,0.4890018829916497,0.4764845456032918,1.197993052900928,0.9581628375003957
butterfly,0.5420437922491066,0.4703371204676172,0.44357338557042225,0.6619233985853272,0.403471550033243,0.4616133543087212,0.5075892465672481,0.319563659428691,0.44404072410910855,0.5352685434299345,0.8786754077702132,-2.220446049250313e-16,0.35870544636056223,0.74852548065621,0.3729545140370142,0.6729924937159513,0.6213393025963423,0.44382060196782036,0.41212941773658207,0.600344330913354,0.32568909785403144,0.9185583247842904,0.339955474092826,0.6656665969764892,0.5359195560762502,0.4036356388445288,0.781765735116524,0.47284614406855063,0.48021906031120154,0.6939254852992882,0.4646485138429953,0.4415132119586572,0.7027922131868013,0.5098016562794226,0.3748541127559687,0.49659156909786917,0.4783547160131353,0.39407484830687045,0.44386637227881476,0.5744835991068853,0.36007358376965504,0.3187465222685748,0.4613180506296184,0.42113058875024156,0.3160484233571904,0.43213469348304945,0.4638736562709844,0.38297704067551075,0.5710195449516964,0.7499850386843449,0.32185324544226923,0.4469693243439986,0.49371245937467767,0.673791060731616,0.41449770711862777,0.3713291322406117,0.3057145070142536,0.3161071623061118,0.5312821695238357,0.3483910509751167,0.4911935653176147,0.502589571400857,0.4812118613974312,0.7199810628516883,0.5432807536859916,0.4832782300823729,0.48664668301041203,0.7095269759204383,0.38726715612866547,0.4329898494979453,0.5819201965891238,0.36430867266962075,0.4615698501435579,0.32338275009644757,0.522232431368376,0.4214797374138364,0.4334054585991318,0.5224901336490781,0.5890629838905581,0.7497016033248862,0.5821946999421104,0.5752888074544664,0.4370725351411815,0.8416089027969823,0.4243106367191143,0.3605344859042854,1.0571325889713512,0.5675102948499604,0.2567734933704974,0.3881773033098015,0.46664241397838946,0.5318720308975471,0.4861979304847993,0.39046963278969793,0.7311356929953505,0.5068135427918451,0.4459538500004272
calf1,0.11435723308332046,0.13571238523650286,0.1276639011704822,0.31925649367770537,0.1669123771034069,0.2194388746400029,0.3496618353012175,0.149563416273516,0.10021243665338087,0.17887054083203568,0.700197495430497,0.35870544636056223,0.0,0.4908107210570467,0.3514664442191633,0.4238946740930625,0.2853711947988673,0.11080869301542207,0.12120290273778311,0.5898034052318959,0.1663415013030508,1.1230189435043505,0.09138211096753057,0.45610149942600564,0.22845344016898173,0.10016183321752503,0.4562999142651397,0.5018147435921616,0.234916036425874,0.39769256594597446,0.28349275919799455,0.08774746674601652,0.8889820109596454,0.268264875035756,0.08268520350084807,0.1291931400437204,0.1575310440891684,0.16339166800444116,0.11237880319468352,0.4009692200242603,0.10646561965453505,0.09998165907690759,0.11524217668047765,0.15433614829475273,0.20919315839439112,0.12848137398879267,0.18964009729853482,0.24673798175973882,0.28183408774671903,0.495142437045354,0.08729753116419237,0.1359977437922053,0.4056881473897159,0.36302463181653444,0.08936129193808595,0.09355344048518277,0.27411798385535013,0.2677211671552965,0.6461643957023522,0.11317806550062026,0.26928786713670727,0.4539676269974299,0.170817012237643,0.8990731657537984,0.37897659025115316,0.12851914877584047,0.15932932584463977,0.2819147603612675,0.10301978603792705,0.17327279247394622,0.45014214524710416,0.10476642230641253,0.23714973846940623,0.11814398102532553,0.2631202235684621,0.14382173062557324,0.1882201961139891,0.3153873868193926,0.8140387284979342,0.4595048134569524,0.36697290447755593,0.6593813972158948,0.28362041340757915,0.4703645362184793,0.44612760690478415,0.1286606382407508,0.878519746878486,0.41383165780714926,0.17181572083057917,0.30066036167177523,0.21358511797068558,0.3507802740390682,0.162381125925658,0.39430063598679055,0.6092682242953837,0.5856722358196806,0.2957377365480528
cardinal,0.32574823140362097,0.38904936201288953,0.5293521206434788,0.39744585278450506,0.4212427448192836,0.6366851622822391,0.28391760723014636,0.4073813054472908,0.3986556012246858,0.5442466217318271,0.17922702738850405,0.74852548065621,0.4908107210570467,-4.440892098500626e-16,0.7020511258684119,0.2377593787665624,0.2763703210011885,0.3777179020098813,0.42032274416762416,1.28405464971942,0.4155457500908789,1.6485187300926754,0.421784799128914,0.4853874080234477,0.3392783896935915,0.3741629938394958,0.31569807149374984,0.6271529837974885,0.3179838120597256,0.2668978467689721,0.26529572721908423,0.47732230811563514,1.0011236802776209,0.1738556151061249,0.4688801447710944,0.2508451061851342,0.34987464334926655,0.3528800445949093,0.5421872598386358,0.25793899029513156,0.5352273841733066,0.39826612170113584,0.3732589183983873,0.24851674920105837,0.8335732985192771,0.29725378426790017,0.6863446298293163,0.32755569947953156,0.528402322355481,0.16683846531197843,0.5587704210169856,0.35046789339836626,1.008213116152211,0.2633656628393751,0.5305140576736096,0.5152523137704246,0.4444456899912158,0.6555409603864348,1.2479935603306234,0.5969033173081357,0.5746939194184741,0.8251718428353457,0.47104879748427486,1.258168927970362,0.3378520788328395,0.343907279758519,0.33022199810716346,0.25653110826202263,0.49929192436248016,0.500869499616713,0.29050453647962404,0.4524076664895915,0.7525292543006472,0.4166099879234403,0.528990134111159,0.4034172882541883,0.37036520837452425,0.5027869323711919,1.2558178887314386,0.3024762751650847,0.3591400967764242,1.1664157968804665,0.8555453420298519,0.18667772683883477,0.8731508226292645,0.6075855337592745,0.3146341876791017,0.3006685545680702,0.7093359161760427,0.9379013879959014,0.361892218859892,0.2794912225685602,0.5107053377415611,0.4255874543702972,0.4971632001679266,1.1512585470043695,0.7886257508585459
caterpillar,0.49215033703188293,0.4821732235805899,0.43361403964295575,0.5603386996844817,0.4576450924286224,0.3813193907166532,0.531364660009566,0.37592345535737437,0.44254101382748423,0.4903931367341383,0.7967613482932081,0.3729545140370142,0.3514664442191633,0.7020511258684119,-2.220446049250313e-16,0.5394744421443703,0.5982816729335181,0.4350242455380082,0.4597277275936771,0.7255749476544093,0.41697896382867594,0.9025200940922162,0.36944295676739003,0.5332704187942543,0.569553880893771,0.43024583636775027,0.7680055795349153,0.5007066948358324,0.4948250383852266,0.6033195109594736,0.4150346894645187,0.48144295888054767,0.7659494101044122,0.49882286847426927,0.39536700260312585,0.47729622416981965,0.5758259917299993,0.4378964995043656,0.4406800868351478,0.529269614152982,0.3673258253659051,0.3654676793026943,0.49975541327324446,0.44701087956909835,0.3633356878879691,0.46173682648969105,0.4259806854845689,0.4256760750117303,0.4086345160424083,0.7013703420011046,0.3747070993896301,0.45645123096442664,0.5059609510475398,0.7247165329117728,0.41097364575506434,0.4128143435010565,0.3993401768274555,0.3597966304611082,0.6074914265288756,0.339176286056456,0.5688314707504428,0.6246797706069493,0.46827252584930035,0.7965757996573021,0.6608175651170615,0.49796909915095844,0.48882997102470727,0.7275467349600813,0.38722468230288687,0.45495880354179863,0.58056143154619,0.4266190037535854,0.47725673280112035,0.38894176038915396,0.5755671644131111,0.47250724729915083,0.40168320966870075,0.45386267152184345,0.7267435340423787,0.7828655930338041,0.4434602778472816,0.7461589796089734,0.491643533663631,0.705124569783256,0.5347537237056741,0.38123622123304446,0.9643738843043271,0.6319410218206691,0.3573389935824932,0.43365639265300504,0.4797747992814435,0.49455036239491024,0.4595938565815756,0.4793992968396853,0.723407786323822,0.5191523795957957,0.4720232313735837
catfish,0.2980807868248023,0.3486443281408703,0.4920949209445301,0.3599089681805623,0.3656246715807747,0.5188806668629589,0.34146615200147235,0.3888635317770798,0.3716029456009293,0.5072927082259531,0.2589235153668171,0.6729924937159513,0.4238946740930625,0.2377593787665624,0.5394744421443703,-2.220446049250313e-16,0.2684016960846296,0.3361284662536306,0.3751919147204201,1.0936862762723616,0.4058587813766791,1.5003217345367832,0.45025988599144184,0.38822895714116845,0.3857405307787878,0.3486100050680595,0.37319791035581684,0.5563906856220535,0.30600842524586214,0.3407453792706281,0.2984364159579297,0.4723317981165349,0.8598383802756692,0.2471153086474196,0.4166296326190818,0.2577022841548351,0.3495919913089389,0.3633015581483201,0.47353494836919885,0.30104253042024975,0.46402033781689245,0.40488639418787864,0.35111339486268067,0.3122454150164531,0.7063863479416492,0.3190985214182479,0.5542833650125966,0.29813951857035537,0.4679038981030006,0.2821834731527151,0.4530440877994658,0.3128042798534231,0.8563844359449835,0.352782869083374,0.4739270629759893,0.4704672907968639,0.461603524243956,0.5086062523138148,1.1215774034473764,0.5047846475180386,0.5474269951546025,0.7412180601772091,0.4350666988352905,1.1635718455074562,0.47800369404155796,0.3306765732293604,0.2927944026651681,0.33598312470645464,0.4702877580471696,0.42246468316169117,0.3683873697671586,0.4400912380894775,0.6052921206502375,0.398073568505089,0.476986004978009,0.38781508823778355,0.34741444065406335,0.45481121445690487,1.1443529157608783,0.4106733216667108,0.2817954185168793,1.0413355047382586,0.7282097881531877,0.21941922922720503,0.8471259806234533,0.5026545694483417,0.361969141204047,0.3919645302067688,0.6173961982732443,0.8202982544052598,0.358650239768183,0.20991882154969577,0.44504026536356345,0.4447052559955348,0.4849345137981832,0.9636892296156245,0.6839637974411872
chick,0.1850508286457856,0.2080885818382111,0.3679056823554152,0.25336120811168816,0.3101006627167081,0.41003651892591586,0.2778915151058061,0.35523699533659214,0.22569241132508733,0.35681213430451497,0.4306200527657812,0.6213393025963423,0.2853711947988673,0.2763703210011885,0.5982816729335181,0.2684016960846296,-2.220446049250313e-16,0.16159564144574567,0.19654710876161852,0.9339850718497338,0.3870679462158533,1.4774442969224586,0.32635682035402735,0.4206875451124562,0.30513080366266965,0.2609820822976495,0.3626847402465836,0.7146784193796136,0.28673034467257696,0.3223880061220987,0.28771187911954765,0.30221234757873205,0.9940296376962551,0.2199077600955761,0.2433503516392176,0.17414006646560165,0.23450130052404317,0.3012698667785286,0.31775157787449726,0.41869586056309205,0.3276275868056797,0.3269889575808421,0.23805587471849676,0.23229807288424664,0.5984893411715033,0.19633572570440272,0.3723675236117193,0.2971374001196433,0.4060949156098349,0.3387260988102305,0.30207333865756636,0.21371126248134553,0.7308490759628692,0.24166803455320118,0.29383013241846523,0.3201927888822196,0.48857843205570795,0.47014001228341684,1.0627551906342796,0.3687347117557499,0.3579552674362374,0.5787917027119862,0.31066470217510933,1.1940228075581008,0.3660062712240688,0.18006595293598493,0.16424413220812195,0.17902134041348938,0.2825846458461919,0.2688797703892474,0.44226268844745,0.2991405215056063,0.40997341067181725,0.3262151840597969,0.22916276077848907,0.31784793290490265,0.26870284230820274,0.3514101864203316,1.1448489190804134,0.42187907890449783,0.274411455899476,0.8790668776683838,0.5502590859273344,0.2550894074932494,0.8707693009139248,0.3771888767488283,0.46071210297061005,0.4531595723449213,0.4416928353216113,0.7049911031721352,0.31297925938638904,0.240577419146342,0.3116850704584272,0.38476585912649663,0.5607335810570255,1.0173630488213803,0.7048148418301236
chihuahua,0.1053608509272893,0.12792263315304042,0.1664684396563325,0.2610041399369004,0.172321900294379,0.267352979607939,0.29051343744996494,0.214319010228899,0.10240869720044632,0.23471037167955522,0.5772992366170488,0.44382060196782036,0.11080869301542207,0.3777179020098813,0.4350242455380082,0.3361284662536306,0.16159564144574567,0.0,0.10798229936850212,0.7239163450453239,0.2104310742615726,1.2813030332664257,0.164824756201696,0.4210693977236216,0.23039713788197558,0.1254951169698666,0.38735831811244936,0.5298229520461516,0.22497489027486084,0.3482239612218797,0.2362218474027642,0.14737638453640378,0.9327492465535663,0.2037740617494923,0.07447948218805789,0.10470144045175822,0.15461717895820726,0.16605982233772087,0.1522430530054253,0.3895751194242131,0.13272710066833648,0.1514926091336226,0.10595553882815523,0.13471192912597396,0.3537378715172539,0.10127411839391942,0.2166669187973459,0.22954995387335164,0.29188306892698224,0.3985926879063433,0.13101268212072803,0.13222033931492372,0.5185361973721159,0.28019418475928026,0.14421311659349234,0.1608931175431524,0.31619128702019084,0.31991926526811376,0.853539086482454,0.17682260394048166,0.28733103418882244,0.46529484543809463,0.1968746264895158,1.0101392284374413,0.3394528490262735,0.09024709730593972,0.097539856853056,0.20470007439692617,0.1292055263122075,0.1446999900914251,0.40676356778012435,0.1193938635809837,0.26677297572576253,0.16003298911547859,0.19405930857008669,0.1834076535957161,0.1619902964044817,0.26055988189637025,0.9010113819598321,0.44202581976744926,0.32056703904710293,0.7481371902584297,0.3603788136287378,0.340550714897072,0.5862684153077542,0.18608186006831695,0.6769222067813183,0.4075694356912757,0.2587594921999785,0.4616578768230998,0.23737959435243372,0.25940971535673074,0.20107378087298677,0.34954885285079607,0.5476138354130966,0.7503550719616651,0.47574429691206344
chipmunk,0.1116115313930307,0.12902976650121034,0.1571559519187301,0.22905075836761468,0.17676823556857169,0.1894852374449949,0.3633858683181894,0.2002300086898645,0.09340173341881397,0.16126225617131706,0.630738663814521,0.41212941773658207,0.12120290273778311,0.42032274416762416,0.4597277275936771,0.3751919147204201,0.19654710876161852,0.10798229936850212,6.661338147750939e-16,0.7084789735730976,0.22117714651866494,1.1914550118456646,0.1854661166292061,0.43849896276159395,0.25179106679440477,0.13337724814032248,0.45846827214215613,0.5711408838576518,0.23768257201686482,0.36921698765054367,0.3155745976766202,0.1401795954460915,0.9259875015743653,0.2668637186026913,0.1076125119018293,0.14958178267529265,0.13338810994126082,0.14990706199277248,0.1295962326597202,0.4513025174547173,0.1183670818342073,0.15008289580668632,0.10657015056857866,0.1481720081702026,0.27488507156869313,0.13039775752884653,0.19279160240777937,0.31811775244466545,0.317937951538412,0.5077610526024834,0.11686024824066477,0.11438377915992937,0.5638355522008396,0.27058359513740116,0.12716675483224638,0.13585073323268493,0.3469271663397726,0.2489614717313332,0.7682643513515707,0.1381149529450424,0.2178072084910887,0.49194117796040415,0.16632693046622216,0.9462075193054638,0.3620985271595234,0.11816532618294129,0.12042120274455281,0.23012735587452504,0.11810988804484857,0.13548433975528962,0.4886599150826273,0.12956999684265214,0.23535079199338915,0.16588833376903367,0.21079661345553047,0.176341377475278,0.1641622604088352,0.33752981391613623,0.8214248471889485,0.4648054812648613,0.3535215745614886,0.7577910002985591,0.28851413407923454,0.40444211193130797,0.5585042392045203,0.13080960483253445,0.7565760825081618,0.43100059088490894,0.21112976040264053,0.37832847170888106,0.2540730554370271,0.30393216745813856,0.16668397660423262,0.4078019284425156,0.5428055489143429,0.6423356800474813,0.3947631976646646
cobra,0.7688473744749903,0.7515659203293937,0.6463452486239236,0.8595719336384812,0.7163258234375676,0.631172222418025,1.0088298408084446,0.7440154238722245,0.711309250099627,0.7062189163489286,1.3840279367757566,0.600344330913354,0.5898034052318959,1.28405464971942,0.7255749476544093,1.0936862762723616,0.9339850718497338,0.7239163450453239,0.7084789735730976,0.0,0.744798095112913,0.520885859749922,0.7022803294128632,0.9416397476178526,0.7848236813032243,0.7356958324447131,1.0842550425596795,0.8463834072095917,0.8716581210486125,1.029341854048422,0.9842496985813872,0.6592486659139911,0.8477311761508561,1.02983798511263,0.6147900105931812,0.8546227201442904,0.8010580346477616,0.7823784035327879,0.606955919984457,1.0748565133821881,0.6268924432494006,0.659720967529632,0.7369605687733738,0.8172628688694478,0.4363660958224814,0.7994690120765601,0.574562962677188,0.8353154234037405,0.8010174743515774,1.2078089061149593,0.5474650601455671,0.7929030297567626,0.468529598304256,1.0264418142663712,0.6386700295356114,0.6213635079276283,0.7883338541155115,0.5828138953526361,0.49614779876942816,0.597470955996589,0.6616212403966095,0.5518546919233974,0.6835150618030987,0.6347797904328054,0.8562750877557033,0.7762222765378546,0.7886531473611738,0.9732532387911097,0.592009148658389,0.6935913780173926,1.0735711980063516,0.6727046269032462,0.591173989398051,0.7028875688008236,0.7197380896206282,0.7728570824140435,0.7793819538399256,0.7652364489433394,0.5645797733210491,0.9955807687469476,0.982411702505327,0.5131705144713681,0.4748957725748082,1.180810877861813,0.6146748434931928,0.6215769370643149,1.4111719373389786,0.9865001656423381,0.5230274523983707,0.44429457266735684,0.8570368119364444,0.9579481355111266,0.6968462296497528,0.864486485221029,0.9639708834527128,0.5039996091007424,0.5994858497763873
