,aardvark,alpaca,anteater,badger,bat1,beaver,bee,beetle,bison,boar,bug,butterfly,calf1,cardinal,caterpillar,catfish,chick,chihuahua,chipmunk,cobra,cockroach,coral,cow,crab,crow,deer,dolphin,dragonfly,duck,eagle,earwig,elephant,fish,fly,fox,gazelle,goat,goose,gorilla,grasshopper,guinea_pig,hawk,hippopotamus,hummingbird,iguana,kangaroo,koala,ladybug,leech,lightning_bug,lion,llama,maggot,meerkat,mongoose,moose,mosquito,moth,mussel,orangutan,otter,oyster,panther,peacock,penguin,pig,piglet,polar_bear,poodle,possum,praying_mantis,pug,rabbit,racehorse,rat,reindeer,rooster,scallop,sea_urchin,seahorse,shark,shrimp,sloth,snail,spider,squirrel,stingray,swordfish,tarantula,tiger,toucan,turtle,walrus,wasp,whale,worm,zebra
aardvark,0.0,0.17254838945306217,0.22678303010343115,0.2809596654213711,0.22597459563472877,0.34787521169087054,0.39387040624824166,0.44450129832935603,0.14189708908124443,0.3105318638106632,0.49877079283564274,0.9454215191569484,0.14231958979290926,0.25159502834729675,0.7325167158859265,0.3442958163488484,0.16150249832435182,0.133931215825687,0.15935941991976,0.6235368280431656,0.4993846618463348,1.456073104036696,0.2508221873721739,0.8106667850420693,0.20770843769776293,0.16043803895926856,0.4355438813563308,0.6989126962422013,0.25597185298047,0.25670809552189866,0.5464879958676107,0.14331994678588555,0.8632117897732647,0.35327735837821794,0.1451238057410218,0.17203739737578272,0.2044110309273015,0.28002105011587575,0.1798600094017817,0.48933288782536954,0.1764016943765534,0.17544940153220878,0.19166838019852694,0.19048866395614317,0.6300027749849462,0.1419313324409901,0.24892253908064454,0.49796295193765616,0.6035173177703994,0.5156150067928091,0.2070851426333269,0.1573317741310779,1.1321236633317873,0.2128320401888737,0.17283133832937114,0.17828186713790772,0.5645250931106925,0.4593606711345096,1.1726694673308888,0.2030670414356056,0.30643222479033605,0.7798182032471196,0.2188972437830986,0.9774425058779656,0.31484123170891753,0.14200312586187047,0.1606381800308171,0.19184419427005173,0.1977936123937032,0.16593215894056346,0.6403057884650674,0.20129679328283168,0.225749844788112,0.31621678015417043,0.19238658210607074,0.2912618458931161,0.2020946874027465,0.7560329644877087,1.1329940129751155,0.35149379332043074,0.6583371666250655,0.9974587855913507,0.33243453891119645,0.3279093823705691,0.8264467710094081,0.18291454928167183,0.5302442256090335,0.7492383208774172,0.41859293023708777,0.4560021439488475,0.26190185155355417,0.4462215476478302,0.19589219743395336,0.5980069154963165,0.583284089900137,1.2706177001286463,0.5869515014256517
alpaca,0.17254838945306217,0.0,0.29234069286092157,0.2768046214643842,0.2798062342152764,0.31207801224546394,0.48501878798353637,0.5012402483120539,0.20973380936522512,0.25379948846106026,0.6032016945287426,0.904364838273475,0.20322955061184134,0.31111619443684413,0.7985651640707407,0.43052848081921746,0.22976641797465558,0.19648244880520793,0.1947868973234863,0.6035423973377175,0.5365961453127791,1.3812745729364149,0.3241657358750546,0.8879081380784184,0.23250814977416334,0.1888914172892623,0.5292587024450887,0.6909860538782526,0.22306098681195197,0.26707765739369105,0.6840931220762261,0.22943420609675924,0.8302796095406979,0.47775076037342923,0.22404569387317008,0.24541194598357974,0.16651135372710235,0.22499765000374816,0.1752582139927007,0.5547730378444148,0.22067147555611788,0.21387461929088536,0.216467151272562,0.24503791403457365,0.5660968231004673,0.18750098669449344,0.27205007772151024,0.5733781840991468,0.7454152129314262,0.6585307753829689,0.21294420370764655,0.14391443168834073,1.1911867179598996,0.2021131456145956,0.14530236810020436,0.2229763635016424,0.6397456544710999,0.42343348341299214,1.1395438238263127,0.23556424394941522,0.2261202541370414,0.852340935760293,0.2544344091835504,0.8493528986741009,0.2444858772916556,0.17951915188466205,0.2092046899903569,0.23161977213298046,0.19067600188687894,0.20310655510422726,0.7616281534885938,0.23131422623642095,0.18775469196097683,0.263082317435685,0.21929368716961828,0.30655405709602135,0.17121203777409322,0.8475853737049328,1.0324337071126803,0.31348911250232336,0.6458926735697519,0.9920288809630797,0.32939183330311217,0.46067637497303116,0.8775816212210864,0.1974219319335323,0.5581566836560099,0.8290464377465269,0.4236190307437854,0.4005765218326759,0.28960995490653896,0.5474675807842128,0.23180013991313209,0.612564678594244,0.5853239210315117,1.1990906500814935,0.514475685512358
anteater,0.22678303010343115,0.29234069286092157,0.0,0.32592373414307474,0.358268385420481,0.28454419001672815,0.5262884559066682,0.4656645330885537,0.23378855254848419,0.3108491962183134,0.7558105577001533,0.8965883382868645,0.29436720464660826,0.4666972218148451,0.7267291144481435,0.5317322528121307,0.4041845667648597,0.31215061386864695,0.26397807100875414,0.620452473188243,0.5300549020936494,1.1629456356488137,0.3352061074748006,0.7678665250398274,0.34999010358456417,0.28520705639716204,0.6084194305756634,0.7700816039078577,0.417831032912964,0.42216199684006506,0.6650288134234568,0.26600572229420794,0.9024695321007428,0.5220643234053917,0.28506506230017337,0.32932964232448336,0.33795166197969206,0.33058374305190963,0.2903213442417546,0.6992350546633976,0.3145502413303217,0.29614090449250197,0.3219954000924976,0.34258761246429414,0.5335848709607287,0.30264017515844577,0.3350198152737014,0.6355388670666826,0.5780280195350205,0.7252170902369225,0.3363918536527071,0.2909534327113449,1.024117200377978,0.390840228236199,0.2631011513717747,0.27402195910919114,0.6485959683544373,0.496553001528786,0.9954179531473738,0.2868870605462833,0.37828752582500447,0.7372191094490568,0.3716913915893352,0.7868105670286073,0.42269140298620533,0.3348955692046043,0.38422933040512275,0.4113553660132193,0.2500349330933441,0.3161284247808158,0.8091585923708633,0.332930875333173,0.35044975275498436,0.3860066076286325,0.3493997773579056,0.43488874816520595,0.3576259945416811,0.8087029017362453,0.9466511280892662,0.46990322180799005,0.7639653241243869,0.9020895226451382,0.32762932865407257,0.4867385533804389,0.7684796560135128,0.2527152244326889,0.7420191493670203,0.7654884347119548,0.39880631167511893,0.4487173289156764,0.4044676535124978,0.6078520005310598,0.3321006318017139,0.6600381012240419,0.5991463807698085,1.0522058274640578,0.5065357551132881
badger,0.2809596654213711,0.2768046214643842,0.32592373414307474,0.0,0.2331514956385602,0.3293863521212066,0.5036269085225789,0.5722414873668988,0.299450002449259,0.2562748018457023,0.7127463712175783,0.9253080833022891,0.3001607352231068,0.4155075068969194,0.7279839052037514,0.4243629031394044,0.30934922227469386,0.24321236217111908,0.1869212408024521,0.5623202026552394,0.676882063186873,1.1905763564326428,0.48117874017712603,0.8498178516776098,0.31783720963919104,0.34057916084457307,0.6883034544754296,0.8602180906004306,0.3373235726513183,0.385273310074,0.8205608278873986,0.338387921547719,0.8354808623082904,0.5523104336648132,0.27845388900425205,0.36718963227533075,0.3317322167915524,0.3412847427495258,0.21063090856302857,0.7721665929206722,0.22697557398837132,0.2653614544913403,0.352356609983569,0.3686527190504091,0.5122137454618133,0.3270113336694793,0.21769918931735666,0.6003127201492646,0.7324840288254396,0.7468908237712932,0.2519156826148452,0.3157047033732726,1.2139612061594653,0.23819233317998822,0.24310992415774324,0.30247383888877044,0.7036285160399683,0.3948151738420671,1.0146838045283852,0.22523781175275492,0.25429784202962225,0.7338296014538441,0.2644214578304691,0.7556652788359293,0.315029548363031,0.3046449316465748,0.23963995497363977,0.3603632433898073,0.26092265208775567,0.19651840897311978,0.8963107487205361,0.20289096633960957,0.2615981875448903,0.42340422470996986,0.22181585732932219,0.4937849302748408,0.32842065649548235,0.8698435860581093,0.9461551901132336,0.37539674160891856,0.762443976243223,0.9503271250662378,0.3047764706260977,0.4859193463894611,0.8853419407221279,0.2413894849865268,0.6645411616385104,0.93367747033086,0.3699888157528485,0.3782519945973978,0.4270932993643589,0.5913644564837375,0.3050063213586057,0.573654450377163,0.6645593835038904,1.1324495082277442,0.5423233656541164
bat1,0.22597459563472877,0.2798062342152764,0.358268385420481,0.2331514956385602,0.0,0.4433126917928901,0.4215579641284585,0.40329077698140636,0.277367573559852,0.4023351732803624,0.563326392278878,0.7959802445172025,0.22288065052886985,0.3451166846321775,0.7016086678676627,0.3825460056109822,0.27566442317901196,0.21131127060035793,0.21280166369163156,0.5710511058495975,0.5692219438138754,1.2821434467465058,0.37103803829810167,0.8062796340251572,0.3072447982899822,0.29064929630145897,0.622276631275517,0.7848696552577984,0.2986620639368167,0.43659024752937114,0.6848546414526713,0.2793573373921757,0.8124226937588943,0.39864457792553487,0.22716704187209302,0.2914318288362162,0.3059658338685145,0.3601854490441899,0.23000392766027766,0.6879063810568957,0.21069378632663416,0.21054255421703094,0.3015050487227562,0.2659854584552328,0.5322769123414567,0.28444667150318237,0.2416685129823195,0.43874696623863996,0.661193520460941,0.5742599808754633,0.2858406093173357,0.2931114357193155,1.1321073879051888,0.23053764430649992,0.2528083922203118,0.28526640499651856,0.5173448616598977,0.37027966940690915,1.0299016184147387,0.2216536935357245,0.3336791949976813,0.6418534704684637,0.2720622746787813,0.8412239427803463,0.319902814039829,0.2641811398792766,0.18580568503114647,0.37010788030803177,0.3045961796444929,0.21574045773034545,0.6970532004148302,0.19214419473044897,0.3014073409357346,0.34931435295682034,0.22872917484457989,0.4432600025213923,0.34421797272456145,0.6995158771778454,0.9615856030314271,0.31445296238392073,0.7194789614484016,0.951043484469383,0.316271048436641,0.39003180325653053,0.7054795349042435,0.30185991417787517,0.6504655103239876,0.7768091399483121,0.30213507473980805,0.41235501932736573,0.3565644348153153,0.477239904620271,0.2953153468367288,0.4640921126870484,0.6525415262096215,1.1885288640105254,0.6295110318805057
beaver,0.34787521169087054,0.31207801224546394,0.28454419001672815,0.3293863521212066,0.4433126917928901,0.0,0.6666452082130296,0.599708648552144,0.3243784943194207,0.2216493496703551,0.9184186484479808,0.8705841960271342,0.38750750111590293,0.6131414600169003,0.6829152346568497,0.6064425664216668,0.5075331025173877,0.4260642551744731,0.28719464334042655,0.6144798519315475,0.6194832975072743,0.977050780835028,0.5084109812002566,0.7836764495713044,0.42015391624911513,0.412076610223867,0.7729069250969575,0.8044425883254988,0.46765832229465176,0.5019022230653429,0.8750290371877835,0.395711627936707,0.8618132576962885,0.7178624527591545,0.3957846061076209,0.4970361221254731,0.4298324637044071,0.3871093483643393,0.30427898645904683,0.8040323767555768,0.33856980966190897,0.3553072870016323,0.39911702812183425,0.48303722272468597,0.41665229054165853,0.41790564833645183,0.3517849660554013,0.726080027458431,0.6825722229175959,0.9558174282742106,0.3340189217857066,0.39371631177450606,1.084718353848557,0.467034364216538,0.2926801840507658,0.3225626326812919,0.7666072333667754,0.43359355606913685,0.865768819664248,0.30113211351232916,0.30788125370227115,0.8217834039727915,0.410001747215746,0.6815317945380177,0.5148773005829711,0.4326967542593876,0.46285634976884515,0.5032824320912491,0.3269248146271847,0.3375408849179884,1.0364339766991928,0.38509990483040146,0.3136883938837369,0.42201371705096014,0.37906012304044145,0.5760615106525309,0.37900921343072747,0.903955684907573,0.7596814342972023,0.536071579197016,0.8049307196563255,0.8917212774704939,0.31501133955356,0.6229532745429015,0.8555238676840726,0.25311118690172996,0.8339753940867274,0.9793259730616573,0.42065431359794325,0.3454120056267249,0.5525337652704133,0.6994372084416542,0.34599613032946386,0.6885678731895111,0.6709701013358951,0.9188327325434154,0.3960161056675754
bee,0.39387040624824166,0.48501878798353637,0.5262884559066682,0.5036269085225789,0.4215579641284585,0.6666452082130296,0.0,0.5381002073973722,0.4622316161025398,0.6463678039588733,0.4741164701317513,0.7709418396446729,0.37201653118015454,0.32081338186770514,0.6548948280883314,0.4092119020911186,0.31951354660607423,0.32608505152108114,0.4099240247145811,0.8055805355888543,0.6165480338669764,1.3457316538039925,0.40664350660336246,0.7448736874746293,0.4618117733133462,0.43186698025842285,0.570360504622281,0.7426553044062044,0.44076026894008036,0.4957823735283995,0.4666753170548765,0.4852197735663857,0.9102748897910992,0.31733519070145333,0.371552742081522,0.40682110992319853,0.5025738219375064,0.4786502192356529,0.4514770761132427,0.5229823542284335,0.38838420611249513,0.39664052938963656,0.5273335983371277,0.3903360210205782,0.8305014334433036,0.36076017761372015,0.4467771840703887,0.3995155974825544,0.6863468478433279,0.4510162708893115,0.41603899703311786,0.4658578418158913,0.9953420735144479,0.3836578002508223,0.4694703372538481,0.43712270166858924,0.5369203848359203,0.6151641069525065,1.040865323585058,0.40837889991812537,0.48087562480229973,0.6641323731294835,0.4101246998089346,1.0009536212740555,0.5109534286134806,0.4048453803890796,0.37696754076997674,0.4963930820888761,0.48532598392496407,0.42369585850635516,0.5581187749439178,0.3676396769693223,0.527114097027974,0.46380438581767736,0.41524033561543783,0.5182025657863103,0.44719599805481236,0.5763248158871028,1.1521519657994626,0.48337447350621143,0.6960881915269521,0.9003913189791904,0.5791493003664319,0.37266790655729665,0.8402241670578686,0.46360491702865125,0.6280047792133152,0.8157795180933848,0.5045696125776202,0.6178601519979663,0.4797878327319237,0.5179750684227894,0.47922975205385654,0.40977532676885553,0.6470996700755358,1.2403327514922624,0.8131520089309748
beetle,0.44450129832935603,0.5012402483120539,0.4656645330885537,0.5722414873668988,0.40329077698140636,0.599708648552144,0.5381002073973722,0.0,0.4367157204421699,0.7053555153834822,0.45844416101650687,0.6109817527317505,0.3926121901285433,0.4769142958755602,0.5513780502181937,0.4444427448152394,0.580731313916119,0.5207123087872335,0.494823237428503,0.8238479465803688,0.25883079647813123,1.1741198619557314,0.31150107970508534,0.4966952823358728,0.4953899451099909,0.4502564428707563,0.6011372658677305,0.5388284911709211,0.4657697029562845,0.6971926096428676,0.4089803128853706,0.5218409951502359,0.9698514608899058,0.27005216035959934,0.513873541236158,0.319519816977925,0.4776881570497352,0.4544590399682167,0.5427125956643462,0.5902654358168402,0.5483891881737033,0.4171477854103366,0.4430982903490429,0.3580956450544319,0.606930163599803,0.4734611762227757,0.6202806310738707,0.3898466668034555,0.539102914589247,0.4320273584961539,0.5657223389138331,0.45823252773157863,0.8468923191640318,0.5754843151269369,0.4970072134335778,0.43061464461415333,0.28766325855900254,0.5114859856287091,0.9050303123651382,0.5029299327648722,0.5906860299593754,0.6482044143181126,0.6256642029314337,0.9045616837674672,0.6451163043380297,0.5262955932918526,0.4793400791139727,0.6886863166563943,0.5837738579767424,0.5760641455651845,0.4502770159192425,0.4830265300542962,0.6749595757334403,0.32385353460240685,0.586858410377789,0.4452381079467429,0.4975265783028755,0.6040357895506856,0.9818539999123477,0.5070111077458641,0.64382609823969,0.9011333130006193,0.6350904902170568,0.4133195581478747,0.46721010262458185,0.5758606884721609,0.7279833601353829,0.4647390426512822,0.46356830769226887,0.664159550945954,0.5626342739367609,0.39812350257379514,0.5870263002472017,0.4513593231334875,0.5786331234572462,0.9839480150293657,0.7076656854646898
bison,0.14189708908124443,0.20973380936522512,0.23378855254848419,0.299450002449259,0.277367573559852,0.3243784943194207,0.4622316161025398,0.4367157204421699,0.0,0.254402140723042,0.5938194916022215,0.9166089034252708,0.16789860321619465,0.3235842322486987,0.7538818666810896,0.4179808399748032,0.2474632845990512,0.2063665068062358,0.18823161118793685,0.6158725879769924,0.5002351730004647,1.306947035731136,0.2852236455363236,0.7797829560584719,0.24407683874644537,0.178310329193753,0.4769680424386843,0.7681758859878299,0.3329459007650759,0.3094750799571073,0.6269113471831089,0.16515670000709393,0.8821559186054349,0.41565363896408547,0.1756533003828793,0.21331355888130932,0.21892364993415847,0.28465959178327616,0.23971366726271193,0.5484066982859843,0.22507058366293187,0.1918828574081548,0.17577382080895831,0.22044954865528255,0.5436596571804089,0.16926597068233862,0.27584254562214183,0.5633318633045691,0.6116897871055444,0.6026768048669369,0.2207886233315599,0.18209265838416322,1.1087723013356532,0.29830674147873293,0.2020758780493659,0.16212128069797993,0.6319066215203031,0.453542609698972,1.123469451059192,0.23420302852742625,0.31635121669193733,0.72411744164477,0.28607117365731305,0.9595784263644979,0.3630590538441473,0.16652260071070968,0.22891805992802727,0.24953950727286156,0.1911783906501926,0.2082299904671594,0.7337115038418136,0.26645847936642286,0.2723823986844306,0.3380033344009734,0.22898719474838392,0.2895676466576186,0.2425934152057515,0.7778400310761897,1.0827418842384238,0.3877630861030721,0.7376065644289096,0.9727596769125496,0.3152275607556966,0.38726171172642865,0.807148229887863,0.17925410509813455,0.5906339859013766,0.7894430988276053,0.4043724196195785,0.4383039471407749,0.33842410360133435,0.49745096615700235,0.1830993179548639,0.6278016553691963,0.6090845635258686,1.1608219350679152,0.5914889172985285
boar,0.3105318638106632,0.25379948846106026,0.3108491962183134,0.2562748018457023,0.4023351732803624,0.2216493496703551,0.6463678039588733,0.7053555153834822,0.254402140723042,0.0,0.906470112203221,1.026508468485364,0.32825529703367906,0.5102237754878773,0.8506146438516887,0.6020457622568955,0.40602499470454434,0.33642584706090806,0.2294035500385071,0.5843518058458794,0.7548507195076629,1.1245862889652731,0.5272215556081685,0.9317696081417361,0.3260810029802912,0.32680363203603635,0.6645021075772857,0.932624608099495,0.3893727907318194,0.341116986202482,0.9928678320542482,0.2935976847019033,0.8990484478069725,0.7590131216020541,0.3201253974729261,0.4528417496553472,0.32277494540799245,0.32287188026182945,0.24399149535747944,0.7885321453519134,0.27404860354466165,0.30745495283848656,0.3018780157937009,0.44693602385684317,0.4862062533811091,0.33719184420284976,0.25564112953952955,0.7670659148126211,0.7831037886610395,0.9879260098244051,0.25219954839889525,0.3084512301740854,1.233748661769142,0.3490041395611301,0.22860900569304377,0.2681099344685134,0.891395716350321,0.46516566309627505,1.0267475261509253,0.2736681895769725,0.2767512108736696,0.8175584031260084,0.2971921308403124,0.7867985140129049,0.3634945009627366,0.29047963053780546,0.350491909534437,0.3249760081298869,0.20689305148986492,0.2552116659245238,1.1091460210435027,0.31087621826754885,0.242538999594355,0.46750742359927133,0.28753065154223034,0.48619898317107624,0.35204182479022406,0.9891428229809655,0.9675203309751673,0.4547294451515125,0.8557160802656747,0.9463096292054127,0.3071888412222257,0.6125301970921763,0.978842578895422,0.18997469326858307,0.7079161322171736,1.0526997986237991,0.4600284295451659,0.36745877599780596,0.43927761059192827,0.7871373798762605,0.26479659899198615,0.7542441553564858,0.7034553016422673,1.0248695156982837,0.45989351641958565
bug,0.49877079283564274,0.6032016945287426,0.7558105577001533,0.7127463712175783,0.563326392278878,0.9184186484479808,0.4741164701317513,0.45844416101650687,0.5938194916022215,0.906470112203221,0.0,0.8707976479545456,0.5622581822621411,0.335182276254418,0.8195332297243482,0.3371692028536142,0.47641331334845716,0.558349397599261,0.6489334233716786,1.134120834363576,0.45373501764356095,1.5843317682057265,0.48979915275664,0.6225837245252213,0.5505971652197198,0.5371038511674666,0.47686731439089913,0.5422447659476983,0.501810668174095,0.5768130824923752,0.3540539264207869,0.6315504505068212,0.9702134738122532,0.23126014457311428,0.6227024526514894,0.3745458844288202,0.5110632649412739,0.599389938256035,0.6946694686073445,0.3089814962609688,0.683113372609252,0.5830806906305044,0.5230779425291832,0.40561621072362,1.115070581617916,0.4716585916175394,0.7890970688148742,0.47746071691021497,0.7469351229930301,0.20924191525335378,0.7284539640757197,0.4916208809964615,1.1862665009416775,0.5470067025018264,0.7059743399559559,0.6301602513369071,0.4461150939864532,0.8067042462565517,1.3817794508307673,0.7438458502272477,0.7331860815318743,0.9758514390229382,0.6878555894846398,1.253558464367847,0.6345418732936516,0.5060169456824157,0.48450004675970304,0.5382937758554767,0.7370970241582211,0.6428261631272363,0.3599901279029559,0.6363845261011343,0.7734211188458422,0.560153062926917,0.6616193785141571,0.4594438854090438,0.5742488677157032,0.75922630276858,1.4032402996824809,0.5444232064591812,0.5980642562216633,1.2217246944975373,0.9224538783224168,0.3678739296786533,0.9143147213020902,0.7429416845030631,0.4008495579626846,0.5331146289839923,0.8772329468898862,1.003575631517131,0.5408016921558451,0.396268807882427,0.6584917904122418,0.6112988756341355,0.6562773288014476,1.378948040077319,1.06053436494553
butterfly,0.9454215191569484,0.904364838273475,0.8965883382868645,0.9253080833022891,0.7959802445172025,0.8705841960271342,0.7709418396446729,0.6109817527317505,0.9166089034252708,1.026508468485364,0.8707976479545456,0.0,0.7919308597159659,0.9026176391191648,0.552991041231584,0.9063405511279027,0.9820109457940158,0.9329357177132532,0.8789949555205359,0.774738151288206,0.677466687058205,0.7720284710945579,0.7139673141379326,0.6567218801345185,0.9815352631020343,0.9201508600261822,1.0968937881686427,0.7227646903826412,0.8724085580624334,1.135181974034482,0.7141509093590366,1.003054876625191,0.8662528703856726,0.7087711246762836,0.8653644553145632,0.8556041464595245,0.9974488930740072,0.9003570219354746,0.9247934719160084,0.9826551212839331,0.8886140578252683,0.7946779917047222,1.0023026589214183,0.8219126656706084,0.6884898322491366,0.92198391817507,0.9107584367532386,0.56672350243821,0.7751573524807668,0.7720267071921898,0.9011535736133719,0.9416804299680532,0.6811537630101694,0.9302312544782593,0.8861878116299455,0.871897673945964,0.536378774396117,0.5942197476500681,0.6550716625307349,0.8379680460661485,0.859557628988873,0.7386977721191585,0.9776384294026477,0.7032393277542794,0.9539851778868879,1.0410781862128782,0.9104132868742862,1.1578337993499166,0.9334811393124537,0.9286148536049988,0.7325669309566973,0.8383960460789478,0.9427210247289948,0.6428819333676219,0.9229305047794287,0.9778421771688652,0.8349769501840747,0.578532743366825,0.6855689883830709,0.8614901510134501,0.8710135161303686,0.6626742592470595,0.889046807185342,0.9058490735051671,0.5884608778695897,0.9131328939838705,1.093652034892815,0.786303772472262,0.6302975233454868,0.7499242243802442,0.9915211990064445,0.7206508983420552,0.969030744241128,0.5116903707859631,0.7431600814050354,0.7250669635985039,0.8504109636459611
calf1,0.14231958979290926,0.20322955061184134,0.29436720464660826,0.3001607352231068,0.22288065052886985,0.38750750111590293,0.37201653118015454,0.3926121901285433,0.16789860321619465,0.32825529703367906,0.5622581822621411,0.7919308597159659,0.0,0.3000104745959489,0.6353510212881688,0.402550633148791,0.2089083815832803,0.15996704291444108,0.1776289002964253,0.5314860485507082,0.48354757216737354,1.339810364183634,0.20625180349030425,0.7735669216951324,0.23699016517044258,0.1705824488817541,0.5025292996412889,0.6959487403321296,0.2729309878683033,0.32882745680457726,0.5660357285131409,0.16216389057967118,0.8329051840525442,0.3616820286711325,0.14562464541246523,0.19308747224710854,0.22936266059456578,0.290545900206735,0.1839173108563944,0.5270064099502065,0.16504417887939493,0.1504947669787965,0.22724603115877207,0.20221385917984358,0.5108557864719958,0.16289973989641626,0.23507439728687962,0.42950531255754354,0.6271449754833978,0.5305712564636507,0.1766434839105776,0.20107608934993193,0.9989248273910898,0.22839516689724582,0.1610395161775895,0.1666108245342861,0.5147077227631717,0.38371478581523477,1.021096643215985,0.19184738366207377,0.284272678875893,0.7028915546190618,0.21970956873184566,0.9093114468280129,0.31737753636246524,0.19632540458080794,0.1607845549967557,0.2667263231901521,0.2030992631748979,0.19647034699328425,0.6614919789296518,0.18835402990320105,0.23671091160701785,0.27780030322317095,0.18907292889038219,0.2906174972471768,0.22909327602286056,0.6560157162034764,1.059378496191571,0.3479407279060567,0.6949319283480655,0.8926265599677614,0.3158649411949751,0.39475503002135093,0.7260596538334444,0.21458306444470132,0.6303707531086007,0.7794371261598949,0.3263717071044159,0.3631894358895702,0.30070937009702003,0.4994643278426938,0.20480639153883995,0.5246191197055183,0.6212344286458317,1.1658143759790587,0.5468497266923797
cardinal,0.25159502834729675,0.31111619443684413,0.4666972218148451,0.4155075068969194,0.3451166846321775,0.6131414600169003,0.32081338186770514,0.4769142958755602,0.3235842322486987,0.5102237754878773,0.335182276254418,0.9026176391191648,0.3000104745959489,0.0,0.7853969052665448,0.32065013523073804,0.1987140934360223,0.22573178174246966,0.26996977658245624,0.7991167235452357,0.5310882728716946,1.5975277944249544,0.3563029295160596,0.8425007511493668,0.2512487642217608,0.25757887706555516,0.37269703233445195,0.67124579421929,0.27967315331861864,0.25654774092866783,0.4969245349828957,0.32564021141150123,0.9035141176438688,0.25961634436303405,0.2848510987667989,0.2341268337532315,0.2632478536121452,0.29002359448233916,0.32283539414433726,0.3524192949317362,0.30856885326315275,0.22388385812851463,0.35215094480857134,0.1850666904616498,0.8832014452270369,0.18692222355226618,0.3477039063863605,0.4995301498637038,0.7465539661305006,0.32825449159802034,0.35456470262844286,0.22387327019105085,1.2794098119909019,0.1969734845361636,0.3809386863856523,0.3258250890421529,0.5643158304646547,0.6071887684367032,1.25996911787072,0.3655846181685254,0.4001056615193149,0.8452584332021049,0.2961751187135683,1.0543211161677473,0.2983730022227151,0.2218779660070198,0.24464538688548232,0.21827836707919912,0.3290883113222869,0.28412069610198254,0.5293420416654122,0.2716436931499602,0.4337960477152286,0.3893267240638161,0.33877174456492576,0.3280312373537354,0.2755245668442702,0.7795148637283247,1.3093071754596783,0.260289429790284,0.7136303964229799,1.1375693776108993,0.5472147339575515,0.32552467955232867,0.843293762501783,0.36809880035895703,0.39766580488043635,0.6742711137680278,0.5774448238463461,0.6298396485754791,0.3019456852503035,0.48563121003930987,0.31194276178011526,0.5425507886629644,0.5966083585339667,1.4744578597304996,0.7441908404577289
caterpillar,0.7325167158859265,0.7985651640707407,0.7267291144481435,0.7279839052037514,0.7016086678676627,0.6829152346568497,0.6548948280883314,0.5513780502181937,0.7538818666810896,0.8506146438516887,0.8195332297243482,0.552991041231584,0.6353510212881688,0.7853969052665448,0.0,0.7402007747092664,0.799484462413919,0.7429181625395447,0.7044018322774146,0.7428882391859856,0.648808787863804,0.8481594372948722,0.5983939441066297,0.6728550847451957,0.7977883959862225,0.7761927782130331,0.9185984277148463,0.7134103690622936,0.7561336587058285,0.935257723658828,0.5809785259965312,0.8418444687146375,0.8550956865754193,0.6128475127732884,0.6907909496239364,0.7075386257998415,0.9176851606468254,0.7375632108773664,0.7639113010981233,0.8777593771702733,0.7163776965501663,0.6653087101273142,0.8645588312927545,0.7302134883707789,0.5513128996719765,0.7858944983070799,0.7395599267006379,0.5615243193295918,0.6343810806520807,0.7453415223341606,0.7007193417555035,0.783496167888162,0.7059428392458349,0.7943087655054719,0.7164210248254704,0.7162825546654945,0.5206746820184163,0.5821893948606167,0.7485376407052879,0.6453200081241635,0.7689578546326308,0.7310116986276205,0.8232460548909962,0.7711509123587528,0.8973425963644605,0.8812003955001444,0.7600614594535031,0.9893166730790062,0.7875327126966077,0.7807874051906634,0.6790707414025361,0.7008837298530932,0.7533661273824019,0.6616414657320304,0.7663015578324874,0.8499264074224437,0.6741136972724251,0.6351383069855028,0.8004427715339753,0.86820880906529,0.8078610893981062,0.6998934976037338,0.7354333694104327,0.7586592283658943,0.542305127229589,0.6971253085708891,1.0051233085969455,0.8341428741586232,0.6219757898237079,0.6348637456929944,0.8764713784619551,0.5868162553640567,0.8452711809600753,0.56370645170822,0.6727672260521009,0.7640409835513666,0.7538909610824386
catfish,0.3442958163488484,0.43052848081921746,0.5317322528121307,0.4243629031394044,0.3825460056109822,0.6064425664216668,0.4092119020911186,0.4444427448152394,0.4179808399748032,0.6020457622568955,0.3371692028536142,0.9063405511279027,0.402550633148791,0.32065013523073804,0.7402007747092664,0.0,0.37235400115054773,0.367367889436519,0.40181027500758737,0.9921911401583907,0.4974329070542046,1.4661715563633173,0.4696962003076951,0.6242319180362418,0.4337815382749348,0.37228243908668535,0.42373825207839166,0.6077059100650739,0.3731937297761794,0.4784842619802676,0.5121009516823778,0.46031726957895414,0.8887724551557569,0.30485385736861814,0.45388490796006475,0.28503119072847116,0.3529380631921797,0.4468760047035405,0.4598886517160673,0.36823977180606227,0.4540598267237519,0.40907618674595114,0.3611672594411335,0.36014096544969587,0.8614760124284991,0.3300216199846674,0.5051210769247887,0.5498669452130241,0.6581272992835054,0.3618298085369983,0.4748945645045076,0.34068028345881096,1.2424838605752073,0.41952712049880037,0.5063900020712941,0.4091503040417438,0.5732092330815186,0.6000352028785235,1.2151897666474798,0.4853544876977176,0.48913219300433,0.834054917113885,0.45500518185776084,1.0368137483261721,0.5434870238063716,0.3483642979192356,0.33275412845998764,0.4105895542734084,0.5519149473158559,0.404440778770776,0.5598258995392059,0.42922442099037994,0.5150696823468692,0.4118461118905594,0.4336377569050869,0.3653686711615868,0.4292274740548093,0.7737836762198813,1.2687109552319837,0.44902151825566083,0.5677038379381758,1.193754431011719,0.6371277414082268,0.31341329810213625,0.9209329039169318,0.48877159239021806,0.3922694491871581,0.6747701397440994,0.6568368207344022,0.7712985363552592,0.5070462089476595,0.3880191793619302,0.45155124055214857,0.570842447747117,0.6349040832612074,1.298964675263806,0.8405618836530394
chick,0.16150249832435182,0.22976641797465558,0.4041845667648597,0.30934922227469386,0.27566442317901196,0.5075331025173877,0.31951354660607423,0.580731313916119,0.2474632845990512,0.40602499470454434,0.47641331334845716,0.9820109457940158,0.2089083815832803,0.1987140934360223,0.799484462413919,0.37235400115054773,0.0,0.0967309594034026,0.17673299602132453,0.6143823415615393,0.6457585181455296,1.5605233864808024,0.3725191087815539,0.9569305389930002,0.24292195934437633,0.21414606724751128,0.43295951749515027,0.8069848220536636,0.2722381211245628,0.21274464408402338,0.5924664909948414,0.2305333140975181,0.8257893099828593,0.3725059689152498,0.14817365759315348,0.23952766715271168,0.24321216443426497,0.32710660852493667,0.21652920899466954,0.48857705307862676,0.17382600543605908,0.21585287360472227,0.2689595801440059,0.21979522040064925,0.7596645284754568,0.15953020727154177,0.2325893428951703,0.5171917996291839,0.7599114733314094,0.5090269095020574,0.19707112870122145,0.1894114644922522,1.194717163368644,0.15641297845874524,0.23123722633736332,0.25894693636894717,0.6683583304282504,0.5444012839332,1.2736770905533643,0.2347138300466366,0.317213677748734,0.7662372183934175,0.19723169426989373,1.0923270121887538,0.28848615303498637,0.13406746224895372,0.13082758989314636,0.14380509250907947,0.2151813505309612,0.16070832541862812,0.6797312723496464,0.19867686451292643,0.254054378233199,0.43842131405836704,0.16538685668960285,0.33217293090520983,0.24370324361456308,0.7596204968015374,1.2353493780688796,0.34096549648052077,0.6843606431973457,1.009515397216926,0.3861491104838074,0.3545578987594299,0.9499910391665854,0.23836799878237314,0.4403355758699512,0.8652417122337338,0.48323833964806595,0.5246269735057826,0.23039497192902425,0.5101488523515953,0.22467015843895954,0.5910137269042164,0.6774882323132436,1.4475585579415031,0.7633166496866989
chihuahua,0.133931215825687,0.19648244880520793,0.31215061386864695,0.24321236217111908,0.21131127060035793,0.4260642551744731,0.32608505152108114,0.5207123087872335,0.2063665068062358,0.33642584706090806,0.558349397599261,0.9329357177132532,0.15996704291444108,0.22573178174246966,0.7429181625395447,0.367367889436519,0.0967309594034026,0.0,0.11092459725163117,0.5373637880963915,0.6128168472528924,1.4446058787745668,0.3368164507492707,0.9222751809456143,0.2237189356017718,0.17101060909138066,0.4556114310291668,0.77875367673283,0.23816800457931775,0.24431399779211638,0.6348277270297105,0.19316873568245607,0.8299128523533907,0.3917546650706928,0.09297913750970266,0.22127043925531964,0.22513815377659196,0.280213501745901,0.14476362025130185,0.5453753642178367,0.1105635484804256,0.14705401241796534,0.24638880165890287,0.2013786958977699,0.6600239502109149,0.13369057112178784,0.14259020274449075,0.5145542801437335,0.7234384787391823,0.5598824931847413,0.1417695189221473,0.1645742882396447,1.1551577170741487,0.12092140677107055,0.17276136429282707,0.19194544637624122,0.629982789435701,0.44194001378697,1.177068224040501,0.1622612029090036,0.24434616097128858,0.7059362710267035,0.14546239338612454,0.96824702660789,0.26447170028892664,0.1219940537523505,0.10388843084445065,0.16753973448161685,0.15810667681632162,0.09661258243026849,0.7126650769656547,0.11564758196463387,0.19595770388254008,0.3673792976659672,0.1367435066079501,0.3344036328215412,0.2242849026287047,0.7254042689738174,1.1319475382610382,0.3229480204977777,0.7250030032800341,0.957654906210148,0.28538090103007685,0.3746095010989293,0.8428395325215206,0.18500380655423987,0.5134364726565661,0.8739065820191498,0.37925651935543014,0.4186274169629083,0.250627021410623,0.52164568363766,0.18558658452053511,0.5627192081783864,0.6514867015365342,1.34350981960433,0.6459391586532133
chipmunk,0.15935941991976,0.1947868973234863,0.26397807100875414,0.1869212408024521,0.21280166369163156,0.28719464334042655,0.4099240247145811,0.494823237428503,0.18823161118793685,0.2294035500385071,0.6489334233716786,0.8789949555205359,0.1776289002964253,0.26996977658245624,0.7044018322774146,0.40181027500758737,0.17673299602132453,0.11092459725163117,0.0,0.5005412232324757,0.6169908185064659,1.2915959390064289,0.35373547877267897,0.8457264276680864,0.21767094787940466,0.18370143478906364,0.5140946047152442,0.7783417180288112,0.23097493109900458,0.27949679618451373,0.7466941986017881,0.21848686603711542,0.8518243394967178,0.4661112708314187,0.12754211247532787,0.24981923402421635,0.21559487547423772,0.2520908792085228,0.12671297477118493,0.6204340817550568,0.11653471553983696,0.12580200218887638,0.24269390385870793,0.2301964910362474,0.5194919055998296,0.17811343223979315,0.11520759203904707,0.5725111452905888,0.6857908975564811,0.6777370023454956,0.13964131422148074,0.1679692560373569,1.1698349497472307,0.14003651381025206,0.1528941881777297,0.1648603590326535,0.6581128231212792,0.37573521323757664,1.0446565801368277,0.14558799681583023,0.1779335639603844,0.6784385991120467,0.17298451030694417,0.8075394844319165,0.2617785889094334,0.1578370946509391,0.1402308792091509,0.21263113894330143,0.15222154184088366,0.10984763131826869,0.8186562532034324,0.12865015304344374,0.18610376673803497,0.36356525316368105,0.14252663395345333,0.36468458828846895,0.24057326300222093,0.7724537632287884,1.0512451891793326,0.3039938118347011,0.7916156616308039,0.9099376206357805,0.21674094810003508,0.42337055050380845,0.7974240373400603,0.14729027856405785,0.6086757018037894,0.8865472798948401,0.31396221606913555,0.32598420149022234,0.30816590334771665,0.5698615265479424,0.18433331178732326,0.5530867361315523,0.6156891788076069,1.1932050461782084,0.5426012504368432
cobra,0.6235368280431656,0.6035423973377175,0.620452473188243,0.5623202026552394,0.5710511058495975,0.6144798519315475,0.8055805355888543,0.8238479465803688,0.6158725879769924,0.5843518058458794,1.134120834363576,0.774738151288206,0.5314860485507082,0.7991167235452357,0.7428882391859856,0.9921911401583907,0.6143823415615393,0.5373637880963915,0.5005412232324757,0.0,0.9802910235578552,0.853587976089002,0.7057692627151604,1.0651755703276538,0.6100074760057309,0.6551880911801218,0.9706905185331085,1.0055273657430353,0.6583607594982401,0.701873958399263,1.0320749411901207,0.6039032679906842,0.8158745931504525,0.9591212303000157,0.4852241129653353,0.7835565182581432,0.7575299803328108,0.6842315910808114,0.47679024232687717,1.1440512101353009,0.48877959719178554,0.4940137854007828,0.7577591971123201,0.6558244431052762,0.4995213774472782,0.6714714311761509,0.42703342293318547,0.7410477939567093,0.9138219960920342,1.0758022316189548,0.4662712492178881,0.677111815237318,0.8135060719206031,0.5081587994023744,0.47191152164237427,0.5832635449605228,0.8517411656020207,0.5057735075770591,0.761883560813351,0.48526481364210594,0.5238611609349675,0.6477312503735089,0.5323232032427977,0.6888404109924313,0.5718533668866492,0.6863015918829651,0.5993840385028428,0.7095789578136664,0.4624793166217924,0.5225697754790324,1.059333849954028,0.4739409869396338,0.5126756343384953,0.7369138983167819,0.5269253458341769,0.8881755421057339,0.6117759386616408,0.8057203194817157,0.7249518081102502,0.6703054574756313,1.0535461463734426,0.6183454506292707,0.43671991429190415,0.9224949820024675,0.6859406439081803,0.524837112764369,1.1131304573938057,1.1179145740566472,0.4442393635831382,0.3662818208903612,0.6496608786273544,0.9105405078901168,0.5601436260624575,0.7253296616932536,0.8042330711959564,0.8727933851774281,0.600377128645724
cockroach,0.4993846618463348,0.5365961453127791,0.5300549020936494,0.676882063186873,0.5692219438138754,0.6194832975072743,0.6165480338669764,0.25883079647813123,0.5002351730004647,0.7548507195076629,0.45373501764356095,0.677466687058205,0.48354757216737354,0.5310882728716946,0.648808787863804,0.4974329070542046,0.6457585181455296,0.6128168472528924,0.6169908185064659,0.9802910235578552,0.0,1.244618943201154,0.34811079495090047,0.5761436281452683,0.5325996781391531,0.5190524585779586,0.5980171030955663,0.46462213381566575,0.5554505046497018,0.7055819764991793,0.34880548998736693,0.5532927425823485,0.9850696716016133,0.29694853035086766,0.6038945724038816,0.3319036716049454,0.5258112826433274,0.47015207536719816,0.6241043589905391,0.48276505695250427,0.6414535836834965,0.5204865254083195,0.4739559965135125,0.41829255158079837,0.7250225314988575,0.4783575286656758,0.7742869148483799,0.46956662905301594,0.5865431248034181,0.406427039143732,0.6285686229531584,0.4866594797491577,0.8839700899894287,0.7046853406474056,0.5895033976981496,0.5163969621552605,0.32155259048231644,0.6650782335448242,1.068310321308685,0.6310067016864223,0.7265467241942862,0.8966183464242935,0.74130306909044,0.9553274751813546,0.7503037902468722,0.5902787133726468,0.5870278965125598,0.7120321035455284,0.6504190752166153,0.6616925983751781,0.43306374288702265,0.6293288637635204,0.7288822240956027,0.3789791034701788,0.7113739633249767,0.4290644963115281,0.5081718993661157,0.6798719337963626,0.9439290442694129,0.6155670929648779,0.6148812453178248,1.0160189433794264,0.7649684499040698,0.48330125332118734,0.5637387209215583,0.6381823996308794,0.6802554306865543,0.39825233464665977,0.6897555096177395,0.8396574735316944,0.6536729735087909,0.42113409648818934,0.6354621773061138,0.6022014002704912,0.5990822749389043,1.0372235982603069,0.7580150717464169
